2.394699999999999918e+01	2.444318088762564400e+01
2.561100000000000065e+01	2.653823352396123525e+01
2.159400000000000119e+01	2.382320389051898957e+01
2.354500000000000171e+01	2.484799062002571191e+01
2.144699999999999918e+01	2.073232299441004756e+01
2.318599999999999994e+01	2.312939788065089175e+01
2.458199999999999719e+01	2.264360664721310812e+01
2.782900000000000063e+01	2.538310191343892441e+01
2.363199999999999790e+01	2.261132609284821626e+01
1.922599999999999909e+01	2.009498750307536952e+01
2.548900000000000077e+01	2.197446727424430790e+01
2.361199999999999832e+01	2.357949115630308157e+01
2.204699999999999704e+01	2.503176661983452433e+01
2.641499999999999915e+01	2.356952893723449804e+01
2.084600000000000009e+01	2.316100447459821154e+01
2.082600000000000051e+01	2.089487258311410400e+01
2.631500000000000128e+01	2.310416036045704402e+01
2.796599999999999753e+01	2.659123291350961438e+01
2.055699999999999861e+01	2.378917930190759122e+01
2.268499999999999872e+01	2.226645452570314632e+01
1.858500000000000085e+01	2.053846265546823346e+01
2.325199999999999889e+01	2.301654769473836382e+01
2.838599999999999923e+01	2.535065429132439263e+01
2.035399999999999920e+01	2.142203281673417692e+01
2.062400000000000233e+01	2.081886129448942668e+01
1.999800000000000111e+01	2.047392075547628565e+01
2.370499999999999829e+01	2.303531586556639610e+01
2.557499999999999929e+01	2.499617556401717167e+01
2.248699999999999832e+01	2.564799477370834779e+01
2.091800000000000281e+01	2.332588189598505934e+01
2.266499999999999915e+01	2.411974990577282085e+01
2.416800000000000281e+01	2.275532137889537765e+01
2.135699999999999932e+01	2.191501785231789512e+01
2.389699999999999847e+01	2.272801258483398712e+01
2.649399999999999977e+01	2.379940952216262673e+01
1.953500000000000014e+01	2.072004829877872467e+01
2.891099999999999781e+01	2.389475032435532142e+01
2.161100000000000065e+01	2.318385192158595487e+01
2.487300000000000111e+01	2.400208918432239358e+01
2.318900000000000006e+01	2.328437986891886169e+01
1.526299999999999990e+01	2.025687535278922979e+01
2.579400000000000048e+01	2.385629757014586261e+01
2.372800000000000153e+01	2.404626627036131836e+01
2.636699999999999733e+01	2.372604367815307214e+01
2.833300000000000196e+01	2.444748995427962868e+01
2.021300000000000097e+01	2.309853421515979122e+01
2.620800000000000196e+01	2.424495631034071863e+01
2.371300000000000097e+01	2.164185674270479964e+01
2.441300000000000026e+01	2.484696613966923096e+01
2.014199999999999946e+01	1.987181574343825119e+01
2.435599999999999810e+01	2.261035864467184453e+01
2.253800000000000026e+01	2.314228478677077661e+01
2.504500000000000171e+01	2.349374268159706958e+01
1.932600000000000051e+01	2.058688471308717993e+01
2.152100000000000080e+01	2.059528197378775971e+01
2.417199999999999704e+01	2.155179978891114345e+01
2.399199999999999733e+01	2.220621722196727177e+01
2.672199999999999775e+01	2.535997301061371090e+01
2.361800000000000210e+01	2.361633470422202663e+01
2.172500000000000142e+01	2.169113267124601663e+01
2.484099999999999753e+01	2.473039661238919251e+01
2.065800000000000125e+01	2.250453534018422275e+01
2.436800000000000210e+01	2.242798389719574814e+01
2.411599999999999966e+01	2.017338675204612386e+01
2.484400000000000119e+01	2.461783074576202779e+01
1.805300000000000082e+01	2.001432021641638670e+01
2.313800000000000168e+01	2.401155527970739811e+01
2.202300000000000324e+01	2.183227839678528071e+01
2.474800000000000111e+01	2.119498837274131731e+01
1.805900000000000105e+01	2.092781442247967050e+01
1.945100000000000051e+01	2.125891793570526644e+01
2.528699999999999903e+01	2.350919840824710150e+01
2.373300000000000054e+01	2.073727057323643308e+01
1.965500000000000114e+01	2.150949106472117478e+01
2.323600000000000065e+01	2.354267177986012527e+01
2.161199999999999832e+01	2.030549795597165286e+01
2.324500000000000099e+01	2.170062155350636246e+01
2.512300000000000111e+01	2.514037462583349480e+01
2.428099999999999881e+01	2.275381575598621708e+01
2.460699999999999932e+01	2.270946242436708573e+01
2.296599999999999753e+01	2.395573858524327449e+01
2.669300000000000139e+01	2.342244083861496406e+01
1.754200000000000159e+01	1.994723554523581299e+01
2.728699999999999903e+01	2.474825606597200789e+01
2.008299999999999841e+01	2.387975018382440950e+01
2.273300000000000054e+01	2.172359549135949663e+01
2.348300000000000054e+01	2.143996866190670758e+01
1.908500000000000085e+01	2.213173066018139679e+01
2.042299999999999827e+01	1.920642650703809551e+01
1.770299999999999940e+01	2.112580442122466806e+01
2.446400000000000219e+01	2.315125643843646941e+01
2.079500000000000171e+01	2.102961259533151761e+01
2.045499999999999829e+01	2.227998251481196590e+01
2.303099999999999881e+01	2.341663618005869907e+01
2.027299999999999969e+01	1.918701113563867011e+01
2.471800000000000352e+01	2.321335295378369779e+01
2.222199999999999775e+01	2.217431843155162952e+01
1.849399999999999977e+01	2.338801980030681449e+01
2.084800000000000253e+01	2.109442544213274573e+01
2.144599999999999795e+01	2.195690012051549900e+01
1.887800000000000011e+01	2.111894083376185804e+01
2.531099999999999994e+01	2.482950842094238197e+01
1.686899999999999977e+01	1.899738043430119916e+01
2.787000000000000099e+01	2.500834206937779669e+01
2.105300000000000082e+01	2.034035696016993100e+01
1.494900000000000162e+01	1.676346725105713986e+01
1.839099999999999824e+01	1.863948122177881928e+01
2.517900000000000205e+01	2.391458720693573170e+01
2.152699999999999747e+01	2.046765162127366722e+01
2.382600000000000051e+01	2.535643581545085823e+01
1.800400000000000134e+01	2.334618274367938184e+01
2.367300000000000182e+01	2.282732908991401644e+01
2.236699999999999733e+01	2.117288338316031826e+01
2.438400000000000034e+01	2.058060324002183705e+01
2.370100000000000051e+01	2.181089664625176638e+01
2.302699999999999747e+01	2.335230282693150983e+01
2.306500000000000128e+01	2.301587169719922343e+01
2.296300000000000097e+01	2.317608389607496022e+01
2.526199999999999690e+01	2.227531616818628990e+01
2.592399999999999949e+01	2.503589566085230800e+01
2.594900000000000162e+01	2.370338736508968935e+01
1.829799999999999827e+01	1.949223757815729030e+01
2.108500000000000085e+01	2.123567092973662085e+01
2.649099999999999966e+01	2.144123278583532866e+01
1.564599999999999902e+01	2.183799526538761526e+01
2.873400000000000176e+01	2.779468205174912754e+01
2.199300000000000210e+01	2.103910937985805774e+01
2.093400000000000105e+01	2.239186324625180902e+01
2.639600000000000080e+01	2.513436245242938583e+01
2.136300000000000310e+01	2.076421940211823980e+01
2.313899999999999935e+01	2.199701696059861433e+01
2.519300000000000139e+01	2.043626093352824924e+01
2.332300000000000040e+01	2.042065706028140681e+01
2.462500000000000000e+01	2.288008965020470598e+01
1.966199999999999903e+01	2.397558395378390017e+01
2.005599999999999739e+01	2.298324108491582507e+01
1.837699999999999889e+01	2.288468948966685090e+01
1.930000000000000071e+01	2.038721059456439022e+01
2.191499999999999915e+01	2.149515723436815406e+01
2.298099999999999810e+01	2.295409681464161267e+01
2.424199999999999733e+01	2.262910257106807066e+01
2.268199999999999861e+01	2.136549258484490821e+01
2.461300000000000310e+01	2.167746224838107238e+01
2.225000000000000000e+01	2.000948515198956912e+01
2.305999999999999872e+01	2.152982454555886704e+01
2.018700000000000117e+01	2.159570150541485845e+01
2.070300000000000296e+01	2.271942162276237909e+01
1.836799999999999855e+01	2.171088114080357201e+01
2.411699999999999733e+01	2.325068452092488869e+01
2.050300000000000011e+01	2.220088297933554244e+01
2.554800000000000182e+01	2.550690509040789777e+01
2.023799999999999955e+01	2.286474761374547526e+01
1.993299999999999983e+01	2.144216348635009695e+01
2.126999999999999957e+01	2.187803287029942823e+01
2.192099999999999937e+01	2.229816490244657956e+01
2.449099999999999966e+01	2.478424129336438853e+01
1.989600000000000080e+01	2.199522921898082828e+01
2.233099999999999952e+01	2.364128916563960559e+01
2.562000000000000099e+01	2.477381145742439728e+01
2.105800000000000338e+01	2.252891130400124808e+01
2.462699999999999889e+01	2.710180099161480172e+01
2.456699999999999662e+01	2.472417746853453480e+01
2.355099999999999838e+01	2.115578437555983982e+01
2.430800000000000338e+01	2.114015787807620228e+01
1.928500000000000014e+01	1.982643503640693083e+01
2.452199999999999847e+01	2.443236974982352550e+01
1.925000000000000000e+01	2.024542140516204825e+01
2.123400000000000176e+01	2.128536660525186619e+01
2.040700000000000003e+01	2.237073911957005379e+01
1.898999999999999844e+01	2.216385139225457834e+01
1.864099999999999824e+01	2.135402633768400449e+01
2.162300000000000111e+01	2.018280459150506090e+01
2.539999999999999858e+01	2.470709553137367820e+01
2.258300000000000196e+01	2.119543211568740304e+01
2.363599999999999923e+01	2.271089065798286200e+01
2.296000000000000085e+01	2.400249145229224723e+01
2.333900000000000219e+01	2.200521868473292741e+01
2.763899999999999935e+01	2.624091219494464156e+01
2.217699999999999960e+01	2.289809521172857387e+01
2.384900000000000020e+01	2.266059454693524344e+01
2.484099999999999753e+01	2.176342956529506267e+01
2.336300000000000310e+01	2.224195574515830032e+01
2.149300000000000210e+01	2.225361266543334082e+01
2.126500000000000057e+01	2.138372359004508638e+01
2.020799999999999841e+01	1.888097798921615222e+01
1.594900000000000162e+01	2.054147018573642924e+01
2.588100000000000023e+01	2.201273384204067796e+01
2.413199999999999790e+01	2.232470182381821644e+01
2.362699999999999889e+01	2.494606892426055822e+01
2.224800000000000111e+01	2.366317215074586855e+01
2.062099999999999866e+01	2.149360621153781992e+01
2.782800000000000296e+01	2.448132592702221899e+01
2.410599999999999810e+01	2.230390404165444806e+01
2.710699999999999932e+01	2.529813670881692644e+01
2.526300000000000168e+01	2.322313212576407082e+01
2.107800000000000296e+01	2.165312459025943781e+01
1.792200000000000060e+01	2.260440270714205369e+01
2.314300000000000068e+01	2.530293284788007924e+01
2.387400000000000233e+01	2.234188758565271726e+01
2.023300000000000054e+01	2.396942099644072144e+01
2.630199999999999960e+01	2.446833734231409707e+01
2.649099999999999966e+01	2.555613345545262760e+01
2.458399999999999963e+01	2.097001128203726950e+01
2.169500000000000028e+01	2.178049046303623726e+01
2.476199999999999690e+01	2.522891730218568895e+01
2.439499999999999957e+01	2.357995483228773281e+01
2.189499999999999957e+01	2.401218138528534496e+01
2.504199999999999804e+01	2.498383591989443531e+01
2.215500000000000114e+01	2.257907516092715383e+01
2.003000000000000114e+01	2.050833307005717288e+01
2.690800000000000125e+01	2.022296270718792144e+01
2.743699999999999761e+01	2.504306320494661264e+01
2.173699999999999832e+01	2.272417138649846180e+01
2.284900000000000020e+01	2.229878486839446694e+01
2.241900000000000048e+01	2.086973674411252588e+01
2.151199999999999690e+01	2.293882891031314486e+01
2.295400000000000063e+01	2.373243389089250499e+01
2.259099999999999753e+01	2.507101905477824388e+01
2.639999999999999858e+01	2.352702889956979249e+01
2.292599999999999838e+01	2.461570678655048283e+01
2.373000000000000043e+01	2.164754221409041435e+01
2.287099999999999866e+01	2.237941921530750733e+01
2.277199999999999847e+01	2.237940803505681941e+01
2.411499999999999844e+01	2.133950416336571720e+01
2.303800000000000026e+01	2.137064141761349845e+01
1.786299999999999955e+01	2.183790468868322421e+01
1.929299999999999926e+01	2.194719066667802210e+01
2.146800000000000352e+01	2.057731168485418394e+01
2.157699999999999818e+01	2.113890498021397946e+01
2.333300000000000196e+01	2.283597455537150722e+01
2.389099999999999824e+01	2.147262004274064040e+01
2.292999999999999972e+01	2.230921629290863706e+01
2.391400000000000148e+01	2.452163471837864606e+01
2.191499999999999915e+01	2.322229559220861006e+01
2.409699999999999775e+01	2.110565915255295977e+01
2.477300000000000324e+01	2.180548416484294449e+01
2.169300000000000139e+01	2.111811791367273017e+01
2.124399999999999977e+01	2.179389127335952736e+01
2.322100000000000009e+01	2.439019993665058550e+01
2.279500000000000171e+01	2.171499319240479409e+01
2.264199999999999946e+01	2.448576215960036606e+01
2.114800000000000324e+01	2.260236191218425716e+01
2.032700000000000173e+01	2.082112026666174742e+01
2.286400000000000077e+01	2.168818438454606934e+01
2.375600000000000023e+01	2.590628725673743915e+01
1.871099999999999852e+01	2.277577158179918015e+01
2.552199999999999847e+01	2.101407697268470187e+01
1.969900000000000162e+01	2.140970167296481819e+01
2.288400000000000034e+01	2.159755160925616480e+01
2.176999999999999957e+01	2.036384757735488193e+01
2.344599999999999795e+01	2.263133404351917832e+01
2.471999999999999886e+01	2.400687065709440304e+01
2.160000000000000142e+01	2.150086074576116602e+01
2.080999999999999872e+01	2.023631269776635122e+01
2.186899999999999977e+01	2.246913624545931043e+01
2.382400000000000162e+01	2.526835056680749148e+01
2.269900000000000162e+01	2.273001618322984996e+01
2.160900000000000176e+01	2.325536013601133689e+01
2.166900000000000048e+01	2.075641948954215366e+01
1.855599999999999739e+01	2.260952172975762764e+01
2.054400000000000048e+01	2.004516720532797436e+01
2.261499999999999844e+01	2.241084163633400195e+01
2.579199999999999804e+01	2.362354980634997048e+01
2.454300000000000281e+01	2.288407636105093346e+01
2.090800000000000125e+01	2.239393381872497102e+01
2.174900000000000233e+01	2.048419247378407704e+01
2.416800000000000281e+01	2.142651865063083960e+01
2.433300000000000196e+01	2.120593228433822119e+01
2.510800000000000054e+01	2.337011282258907841e+01
2.212699999999999889e+01	2.163061006907174288e+01
2.470800000000000196e+01	2.217745277187590958e+01
2.523300000000000054e+01	2.201611914788981039e+01
2.313100000000000023e+01	2.472797920088141410e+01
2.179400000000000048e+01	1.893435319503192460e+01
2.048499999999999943e+01	2.301525912104193949e+01
2.110699999999999932e+01	2.221407771473421633e+01
2.397100000000000009e+01	2.169704735793403927e+01
2.488899999999999935e+01	2.192979911566766305e+01
2.207099999999999795e+01	2.137445269419622562e+01
2.172599999999999909e+01	2.216381240339727299e+01
2.722100000000000009e+01	2.558169528247344005e+01
2.381500000000000128e+01	2.381671548737193334e+01
2.571900000000000119e+01	2.212572529447887604e+01
2.243800000000000239e+01	2.425033484802435879e+01
2.130000000000000071e+01	2.203467593750888653e+01
1.961200000000000188e+01	2.338878090505322405e+01
2.537099999999999866e+01	2.357430086994970608e+01
2.553599999999999781e+01	2.321370959284599422e+01
2.417599999999999838e+01	2.286091498337802719e+01
2.494300000000000139e+01	2.669644694097422644e+01
2.104699999999999704e+01	2.259086616651250168e+01
2.755400000000000205e+01	2.301152607634691805e+01
2.580900000000000105e+01	2.669733563896025075e+01
2.605300000000000082e+01	2.141204688331254857e+01
2.482300000000000040e+01	2.491791812163069508e+01
2.095499999999999829e+01	2.224592870216460128e+01
2.243300000000000338e+01	2.128926895294945965e+01
2.404699999999999704e+01	2.413336659527894312e+01
2.199699999999999989e+01	2.441267344098880088e+01
2.536400000000000077e+01	2.316408042090933961e+01
2.613899999999999935e+01	2.282648618506255289e+01
2.129800000000000182e+01	2.108515089679987398e+01
2.169500000000000028e+01	2.117331690560559565e+01
2.079500000000000171e+01	1.933439879461409561e+01
2.258599999999999852e+01	2.436094608063875810e+01
2.071800000000000352e+01	2.129705003197331692e+01
2.200099999999999767e+01	2.224229113721779072e+01
2.687099999999999866e+01	2.762411790064492934e+01
1.971000000000000085e+01	2.109478547838572737e+01
1.725600000000000023e+01	1.838907745456461384e+01
2.216800000000000281e+01	1.902715163580409197e+01
2.283500000000000085e+01	2.177898236467419579e+01
2.379199999999999804e+01	2.497454639692615785e+01
2.019000000000000128e+01	2.146615645742014777e+01
1.909400000000000119e+01	2.277966797554823586e+01
2.360800000000000054e+01	2.314780742501304189e+01
2.624099999999999966e+01	2.667235143617073945e+01
2.295300000000000296e+01	2.464061868013969914e+01
2.367699999999999960e+01	2.183942276201513266e+01
1.796199999999999974e+01	1.681000903637882260e+01
2.455099999999999838e+01	2.676234370665411433e+01
2.705900000000000105e+01	2.627854639362620759e+01
2.542199999999999704e+01	2.428359656202008665e+01
2.375400000000000134e+01	2.360302331653197072e+01
1.640200000000000102e+01	2.109343588270975900e+01
1.940599999999999881e+01	2.119040455172986270e+01
2.114099999999999824e+01	2.086734793369656771e+01
2.443400000000000105e+01	2.392533911436326832e+01
2.274900000000000233e+01	2.154468106872301902e+01
2.254899999999999949e+01	2.078938349989884316e+01
2.084499999999999886e+01	2.309585421934603744e+01
2.200800000000000267e+01	1.906604550445396029e+01
2.136499999999999844e+01	2.386591565456028263e+01
1.735399999999999920e+01	2.011878590170428893e+01
2.677899999999999991e+01	2.492552434612164447e+01
2.546900000000000119e+01	2.523287775343513673e+01
2.811599999999999966e+01	2.591495939296262208e+01
2.378500000000000014e+01	2.377378619677267579e+01
2.370499999999999829e+01	2.477794061859797736e+01
2.033999999999999986e+01	2.242044896134033038e+01
2.449399999999999977e+01	2.377959486441791981e+01
2.340699999999999648e+01	2.436872411774078984e+01
2.245699999999999719e+01	2.022824477289549350e+01
2.043299999999999983e+01	2.382280498830557391e+01
2.500400000000000134e+01	2.376547753773446203e+01
1.755000000000000071e+01	2.035807366762056247e+01
2.614499999999999957e+01	2.357199771253207388e+01
2.166099999999999781e+01	2.072891739390523469e+01
2.161899999999999977e+01	2.248308978743772713e+01
2.192300000000000182e+01	2.248222895447828407e+01
2.171400000000000219e+01	2.312402463393576113e+01
2.263599999999999923e+01	2.358677982122161509e+01
2.484699999999999775e+01	2.521896709449532281e+01
2.544099999999999895e+01	2.325259963209231984e+01
2.076999999999999957e+01	2.055524877968870712e+01
1.843200000000000216e+01	2.213310477424491651e+01
2.363100000000000023e+01	2.394320325662846827e+01
2.481500000000000128e+01	2.362751967890980609e+01
2.428699999999999903e+01	1.953291567238655091e+01
2.489199999999999946e+01	2.372251637954465764e+01
2.432000000000000028e+01	2.516862276347693594e+01
2.544400000000000261e+01	2.224841442022704285e+01
1.774200000000000088e+01	1.768120454028919042e+01
2.626800000000000068e+01	2.446858640390246009e+01
2.595400000000000063e+01	2.387003516978883155e+01
2.462099999999999866e+01	2.322178134672823191e+01
2.839600000000000080e+01	2.477324447313333877e+01
2.105000000000000071e+01	2.287578138977094255e+01
1.914700000000000202e+01	2.008936269313606715e+01
2.036899999999999977e+01	2.204909367865936076e+01
1.989000000000000057e+01	2.053424878316752000e+01
2.906500000000000128e+01	2.652799128132247120e+01
2.274800000000000111e+01	2.215186582760658141e+01
1.743700000000000117e+01	2.092935500219084588e+01
2.100300000000000011e+01	2.178525713836117461e+01
1.813599999999999923e+01	2.135896753523463687e+01
2.278400000000000247e+01	1.934784983531395142e+01
2.576699999999999946e+01	2.071083631416097148e+01
2.165199999999999747e+01	2.196596174545370772e+01
2.264999999999999858e+01	2.402112826803018208e+01
1.948700000000000188e+01	1.929675375954829875e+01
2.504400000000000048e+01	2.465998456905987979e+01
2.362999999999999901e+01	2.549978667741268268e+01
1.909900000000000020e+01	2.268321904351846285e+01
2.361599999999999966e+01	2.292383735486080454e+01
2.100099999999999767e+01	1.952317016015700091e+01
2.209400000000000119e+01	2.469190045726006844e+01
2.585199999999999676e+01	2.454894950265041231e+01
2.104400000000000048e+01	2.267954566220599588e+01
2.270800000000000196e+01	2.215449711604096805e+01
2.531900000000000261e+01	2.536960269341155794e+01
2.184800000000000253e+01	2.057995216469725719e+01
1.912300000000000111e+01	2.322751217354383968e+01
1.899900000000000233e+01	2.489514056446876822e+01
2.566000000000000014e+01	2.411692784066266526e+01
1.708399999999999963e+01	2.277215788898159943e+01
2.471300000000000097e+01	2.166099934709182051e+01
1.778200000000000003e+01	2.269984301032010165e+01
2.024699999999999989e+01	1.952925048231099581e+01
2.335500000000000043e+01	2.308879825224390103e+01
2.703900000000000148e+01	2.569256251524779699e+01
2.312699999999999889e+01	2.162206754281274002e+01
2.412400000000000233e+01	2.181662126611811914e+01
1.995100000000000051e+01	2.100748709380502888e+01
2.237500000000000000e+01	2.155505881947635061e+01
2.000600000000000023e+01	2.209998546930984631e+01
2.292300000000000182e+01	2.190465653148041625e+01
2.663100000000000023e+01	2.349273722898945493e+01
2.041799999999999926e+01	2.078286220978066723e+01
2.074500000000000099e+01	1.982101266851679000e+01
2.213500000000000156e+01	2.208936471711377791e+01
2.237699999999999889e+01	2.224958652136812631e+01
2.555199999999999960e+01	2.296396072602318483e+01
2.013799999999999812e+01	2.229134144507279203e+01
2.134199999999999875e+01	2.187974169893717402e+01
2.362400000000000233e+01	2.072480560155335283e+01
1.864900000000000091e+01	2.094599843162799857e+01
2.442199999999999704e+01	2.254913277548687489e+01
2.342999999999999972e+01	2.309197616860113200e+01
2.360199999999999676e+01	2.390344453720372542e+01
2.550600000000000023e+01	2.531350806055256086e+01
2.193599999999999994e+01	2.137635330375071163e+01
1.546499999999999986e+01	2.009948339088514402e+01
2.407300000000000040e+01	2.116297910205381072e+01
2.173800000000000310e+01	2.342586646976971210e+01
2.220699999999999719e+01	1.982241472536724558e+01
1.948300000000000054e+01	2.020174623771399780e+01
2.072400000000000020e+01	2.231131989981418684e+01
1.796099999999999852e+01	2.150084632620557912e+01
2.567500000000000071e+01	2.571474422565045259e+01
2.236199999999999832e+01	2.116699622972390671e+01
1.923499999999999943e+01	2.262993876228596690e+01
2.276699999999999946e+01	2.547848623656776823e+01
2.402400000000000091e+01	2.426640272420228683e+01
2.395300000000000296e+01	2.114295061983639812e+01
2.417699999999999960e+01	2.260172015023483638e+01
2.464300000000000068e+01	2.106853768369247604e+01
2.578000000000000114e+01	2.389002583936272472e+01
1.797599999999999909e+01	2.010612996069909286e+01
1.430900000000000105e+01	2.039819831820533835e+01
2.384699999999999775e+01	2.280876043718632928e+01
1.904500000000000171e+01	2.145168915894295836e+01
1.763700000000000045e+01	2.093653624142191561e+01
2.183900000000000219e+01	2.058391469077917080e+01
2.310099999999999909e+01	2.281837519745245046e+01
2.125199999999999889e+01	2.343984841408757802e+01
2.745300000000000296e+01	2.630664664622624116e+01
2.056099999999999994e+01	2.057048471308863569e+01
1.997400000000000020e+01	2.096742415387284098e+01
2.207699999999999818e+01	2.094427092474619556e+01
2.407499999999999929e+01	2.569000263269229833e+01
2.507499999999999929e+01	2.536397621130919333e+01
2.596999999999999886e+01	2.393429886839542320e+01
2.144199999999999662e+01	2.179123620167116115e+01
1.995700000000000074e+01	2.154238048138392259e+01
2.146400000000000219e+01	2.292783908291868400e+01
2.386899999999999977e+01	2.199760003368276884e+01
2.425000000000000000e+01	2.257821099965144285e+01
2.025700000000000145e+01	2.162573760231924069e+01
1.774699999999999989e+01	2.006254452569397628e+01
2.351599999999999824e+01	2.232314827718218453e+01
2.521099999999999852e+01	2.090606518202116959e+01
2.625699999999999790e+01	2.370114589999340637e+01
2.505000000000000071e+01	2.469864661420997720e+01
2.305300000000000082e+01	2.411164198349693777e+01
2.388400000000000034e+01	2.237016042772476609e+01
2.289999999999999858e+01	2.164833030693887750e+01
2.540500000000000114e+01	2.503896489187833652e+01
2.370199999999999818e+01	2.250055949455799365e+01
2.335800000000000054e+01	2.513699292616281511e+01
2.219199999999999662e+01	2.166703405438233787e+01
2.589199999999999946e+01	2.434894382737097018e+01
2.341199999999999903e+01	2.211027093491055950e+01
2.401000000000000156e+01	2.569280630090221251e+01
2.746000000000000085e+01	2.707325007107664305e+01
2.238500000000000156e+01	2.202235539993279190e+01
2.320899999999999963e+01	2.429475495145066333e+01
2.207199999999999918e+01	2.540622175013838913e+01
2.224900000000000233e+01	2.238396922867770655e+01
1.958900000000000219e+01	2.167367128339507332e+01
2.516499999999999915e+01	2.258054055095719548e+01
2.477699999999999747e+01	2.347467396314832655e+01
2.021999999999999886e+01	2.074884233198296002e+01
1.887599999999999767e+01	2.331377521470215797e+01
2.167699999999999960e+01	2.307151796213141637e+01
2.226999999999999957e+01	2.191458530716272790e+01
1.942399999999999949e+01	1.823581433028038035e+01
2.594000000000000128e+01	2.439331173188180912e+01
2.455000000000000071e+01	2.509318846356934785e+01
2.130800000000000338e+01	2.036198094490641353e+01
2.323699999999999832e+01	2.259095516624258337e+01
2.236899999999999977e+01	2.363437784251202700e+01
2.353300000000000125e+01	2.247186786691484173e+01
2.119500000000000028e+01	2.453105707816363434e+01
2.132499999999999929e+01	2.242829402639371494e+01
1.788500000000000156e+01	1.870295345167899015e+01
2.210599999999999810e+01	2.449277969160295498e+01
2.343300000000000338e+01	2.321013135886141754e+01
2.379199999999999804e+01	2.290906729581132595e+01
1.580799999999999983e+01	1.990130158691498252e+01
2.148000000000000043e+01	2.228335384992575285e+01
1.970499999999999829e+01	2.246608572777235935e+01
2.127499999999999858e+01	2.047659938673480795e+01
2.549800000000000111e+01	2.326486546291002711e+01
2.448400000000000176e+01	2.367061912183350358e+01
2.845599999999999952e+01	2.349645052195669592e+01
2.172800000000000153e+01	2.231503356863464660e+01
2.489499999999999957e+01	2.241844376394687188e+01
2.335900000000000176e+01	2.399833224398453879e+01
2.153999999999999915e+01	2.169996448301143488e+01
2.265199999999999747e+01	2.112240599757013015e+01
2.019299999999999784e+01	2.284936414742144350e+01
1.920200000000000173e+01	2.215965632016493814e+01
1.792800000000000082e+01	2.003757701949160008e+01
2.235699999999999932e+01	2.117047029919830692e+01
2.539300000000000068e+01	2.162617895579928984e+01
2.118499999999999872e+01	2.110495534739462897e+01
2.509699999999999775e+01	2.322480285383633358e+01
2.149399999999999977e+01	2.015724409181056842e+01
2.262400000000000233e+01	2.332628753948025135e+01
2.858699999999999974e+01	2.612426985074664643e+01
2.099099999999999966e+01	2.112842552885960501e+01
2.624500000000000099e+01	2.257530951117666618e+01
2.457400000000000162e+01	2.457369873400848448e+01
2.180099999999999838e+01	2.102410610277108205e+01
2.115099999999999980e+01	2.243819104353585203e+01
2.458699999999999974e+01	2.361955232948912453e+01
2.438400000000000034e+01	2.253303374422038630e+01
2.275099999999999767e+01	2.089567612196810842e+01
2.415199999999999747e+01	2.425942617665943146e+01
1.937000000000000099e+01	2.091965619182287384e+01
2.246599999999999753e+01	2.244910904905172444e+01
2.613300000000000267e+01	2.356695272365961458e+01
2.537599999999999767e+01	2.247169882679595077e+01
2.315399999999999991e+01	2.203771283656041291e+01
1.989300000000000068e+01	2.119448865674633709e+01
1.917699999999999960e+01	2.273472458363954019e+01
2.433099999999999952e+01	2.522365255512442062e+01
2.230400000000000205e+01	2.449736971463896751e+01
2.157300000000000040e+01	2.275430730028054427e+01
2.110699999999999932e+01	2.083147996009908098e+01
2.063300000000000267e+01	2.325140632610743552e+01
1.544599999999999973e+01	2.066148578019720361e+01
2.357600000000000051e+01	2.340951060787935489e+01
2.235800000000000054e+01	2.127035746022066576e+01
1.795200000000000173e+01	2.051705297740529943e+01
2.687900000000000134e+01	2.149837605397759788e+01
2.442500000000000071e+01	2.110095046903746763e+01
2.330800000000000338e+01	2.119603837219713682e+01
2.089000000000000057e+01	2.167628180785273173e+01
2.400900000000000034e+01	2.303757619112347754e+01
2.204199999999999804e+01	2.470919809897864639e+01
2.014499999999999957e+01	2.043665379035047636e+01
2.311699999999999733e+01	2.029455247047019739e+01
2.848600000000000065e+01	2.463178033660794242e+01
1.912000000000000099e+01	2.070428060058910091e+01
2.239000000000000057e+01	2.473597464730577045e+01
2.116699999999999804e+01	2.203076931421187723e+01
1.917500000000000071e+01	2.132335210448447071e+01
1.958900000000000219e+01	2.282173515741381919e+01
2.213899999999999935e+01	2.148824994238003327e+01
1.976399999999999935e+01	2.081911920179569364e+01
2.908999999999999986e+01	2.734711948028086326e+01
1.835099999999999909e+01	2.146175425290482508e+01
2.201500000000000057e+01	2.260220926632990412e+01
1.461800000000000033e+01	1.943784839392078823e+01
2.065300000000000225e+01	2.260220487677593937e+01
1.964499999999999957e+01	2.059155899019812708e+01
1.855799999999999983e+01	2.113384610427759469e+01
2.220499999999999829e+01	2.017149136654524710e+01
2.486899999999999977e+01	2.296219196337590063e+01
2.170599999999999952e+01	2.155423860076456677e+01
2.175000000000000000e+01	2.168269893104265122e+01
2.452300000000000324e+01	2.377478903829601364e+01
2.059099999999999753e+01	2.246898078965591594e+01
2.158599999999999852e+01	2.104203728083108871e+01
2.456800000000000139e+01	2.282866960308817639e+01
2.545400000000000063e+01	2.379815843096183414e+01
2.307000000000000028e+01	2.391128485614605736e+01
2.450099999999999767e+01	2.443440299537041582e+01
2.371499999999999986e+01	2.640750423531809687e+01
1.914999999999999858e+01	2.106119481934097948e+01
2.397100000000000009e+01	2.522338515033020911e+01
2.042900000000000205e+01	2.363369941010501663e+01
2.110900000000000176e+01	2.297274915086148539e+01
1.993799999999999883e+01	2.413213114619113497e+01
2.190099999999999980e+01	2.137156302336558156e+01
2.349500000000000099e+01	2.143257960904350057e+01
2.216499999999999915e+01	2.127243790573040272e+01
2.015200000000000102e+01	2.233265925349921233e+01
2.066800000000000281e+01	2.282251948385397711e+01
2.093199999999999861e+01	2.208751827855819982e+01
1.798400000000000176e+01	2.005786649606941907e+01
2.357499999999999929e+01	2.200581121051829925e+01
2.615500000000000114e+01	2.454588531628532877e+01
2.014400000000000190e+01	2.094954141623365729e+01
2.274500000000000099e+01	2.174543247222208464e+01
2.312999999999999901e+01	2.147767775921394318e+01
2.657400000000000162e+01	2.444528459737771442e+01
2.094699999999999918e+01	2.276090811156213434e+01
2.260099999999999909e+01	2.105370529615622033e+01
2.333999999999999986e+01	2.489223073625680271e+01
2.116600000000000037e+01	2.098436179623706721e+01
2.164199999999999946e+01	2.157668259612812989e+01
2.089099999999999824e+01	2.207867054171203947e+01
2.086100000000000065e+01	2.340770039561560623e+01
2.308500000000000085e+01	2.317340547156245023e+01
2.634300000000000352e+01	2.302500762140878265e+01
2.327800000000000225e+01	2.387747076911750810e+01
2.031299999999999883e+01	2.132357141422200897e+01
2.268800000000000239e+01	2.164717240446919178e+01
2.294599999999999795e+01	2.467142225702625424e+01
2.079599999999999937e+01	2.238324045960179376e+01
2.479699999999999704e+01	2.526972457277662087e+01
1.632199999999999918e+01	2.124993021061625598e+01
2.411800000000000210e+01	2.195027819428678839e+01
2.286899999999999977e+01	2.659222823228039090e+01
2.332600000000000051e+01	2.705243445046280826e+01
1.984600000000000009e+01	2.126751457335633688e+01
2.433399999999999963e+01	2.218555540027282191e+01
2.182800000000000296e+01	2.244222382941346794e+01
2.662300000000000111e+01	2.472745690956588049e+01
2.023400000000000176e+01	2.182025660769230768e+01
2.301000000000000156e+01	2.115902950752940370e+01
2.122899999999999920e+01	1.941643699522812483e+01
2.383900000000000219e+01	2.320898613115494058e+01
2.525699999999999790e+01	2.443889551078539668e+01
2.727199999999999847e+01	2.505455891439830651e+01
2.230599999999999739e+01	2.076988436490178458e+01
2.091699999999999804e+01	2.095081461406690337e+01
2.191099999999999781e+01	2.401364547393589177e+01
2.694500000000000028e+01	2.427459096423411822e+01
2.121099999999999852e+01	2.003061579902011502e+01
2.390199999999999747e+01	2.394246917639516070e+01
2.049500000000000099e+01	2.109180676517539865e+01
1.856200000000000117e+01	1.993113580490915737e+01
2.011499999999999844e+01	2.319724437449279009e+01
2.569000000000000128e+01	2.460407762877466098e+01
2.249500000000000099e+01	2.338224299638716275e+01
2.246099999999999852e+01	2.284396356079541945e+01
1.469700000000000095e+01	2.061862018475586922e+01
1.929100000000000037e+01	2.161085842192353823e+01
1.946799999999999997e+01	2.006388850260299961e+01
2.143599999999999994e+01	2.057297085322485231e+01
2.226300000000000168e+01	2.027100361924467720e+01
2.254800000000000182e+01	2.201372528795524630e+01
2.437000000000000099e+01	2.443201873966652116e+01
2.468699999999999761e+01	2.236501047714048696e+01
2.361199999999999832e+01	2.381554477853970653e+01
2.351399999999999935e+01	2.318026164556693658e+01
2.275000000000000000e+01	2.317537245404167479e+01
2.771000000000000085e+01	2.607497924089784647e+01
2.176300000000000168e+01	2.033624096889809252e+01
2.103300000000000125e+01	2.196293904419781384e+01
1.877799999999999869e+01	2.110812486472248040e+01
2.144800000000000040e+01	2.331540935546590987e+01
2.195599999999999952e+01	2.128751116947132616e+01
2.391099999999999781e+01	2.258035903619981610e+01
2.230499999999999972e+01	2.410725069171506263e+01
2.685199999999999676e+01	2.238879153400790400e+01
2.196900000000000119e+01	2.166786620534040964e+01
2.612199999999999989e+01	2.294867282550541887e+01
2.241900000000000048e+01	2.352381074026934726e+01
2.502899999999999991e+01	2.303308209779302373e+01
1.752299999999999969e+01	2.461447662980860684e+01
2.157800000000000296e+01	2.342998084668150938e+01
2.655800000000000338e+01	2.271959498423539614e+01
2.655000000000000071e+01	2.383378743979402614e+01
2.115199999999999747e+01	2.070566526114054895e+01
1.948700000000000188e+01	2.060194146712018082e+01
2.297899999999999920e+01	2.311995785543805582e+01
2.233300000000000196e+01	2.012522373195895753e+01
2.397100000000000009e+01	2.247027473507438344e+01
2.292599999999999838e+01	2.268789401156247010e+01
2.295899999999999963e+01	2.468450684700432873e+01
1.877299999999999969e+01	2.371280262170460418e+01
2.446599999999999753e+01	2.761429600895310088e+01
2.480400000000000205e+01	2.148326853933131630e+01
2.184900000000000020e+01	2.245130285787294611e+01
1.711400000000000077e+01	1.919933023770611413e+01
2.607099999999999795e+01	2.425127459776548378e+01
2.555800000000000338e+01	2.673177565056934668e+01
2.202499999999999858e+01	2.495285390083230581e+01
1.891000000000000014e+01	2.378432676123430412e+01
1.870200000000000173e+01	2.234190563232376903e+01
2.187400000000000233e+01	2.176427658526046116e+01
2.427899999999999991e+01	2.154721179101373707e+01
2.478000000000000114e+01	2.255734295435146564e+01
2.559699999999999775e+01	2.240785799977415493e+01
2.413699999999999690e+01	2.120194459008550325e+01
2.409800000000000253e+01	2.362768007151488092e+01
1.962199999999999989e+01	1.971728201407789882e+01
2.177300000000000324e+01	2.109714805122192161e+01
2.143800000000000239e+01	2.422643617642881608e+01
2.176000000000000156e+01	2.102980075929961856e+01
1.971599999999999753e+01	2.233115618186581131e+01
2.290800000000000125e+01	2.054476906682674908e+01
2.138500000000000156e+01	2.286486729910472704e+01
2.605999999999999872e+01	2.480057960778016479e+01
1.556400000000000006e+01	1.902134077709530757e+01
2.465900000000000247e+01	2.495752544577899101e+01
2.121599999999999753e+01	2.144454660883615205e+01
2.833399999999999963e+01	2.508787635728078058e+01
1.778699999999999903e+01	1.975753989795834897e+01
2.012099999999999866e+01	2.144159692261797190e+01
1.765099999999999980e+01	2.051245540525568956e+01
2.254300000000000281e+01	2.204913620373176286e+01
2.262900000000000134e+01	2.067239054123997377e+01
2.309499999999999886e+01	2.207824064037744094e+01
2.790800000000000125e+01	2.604707887632827479e+01
2.343900000000000006e+01	1.984663633147692252e+01
2.504699999999999704e+01	2.248155409398125926e+01
2.370199999999999818e+01	2.174906274577919874e+01
1.874800000000000111e+01	1.876153604129695651e+01
2.059199999999999875e+01	2.179447434914711579e+01
2.947100000000000009e+01	2.533263751854421386e+01
2.165699999999999648e+01	2.273833521642364985e+01
1.960299999999999798e+01	2.233752207511666654e+01
2.336100000000000065e+01	2.196228489527303296e+01
2.396099999999999852e+01	2.178050089340412043e+01
2.130199999999999960e+01	2.082181568574934616e+01
2.538100000000000023e+01	2.471927387005695920e+01
2.114999999999999858e+01	2.018711679406102988e+01
2.195800000000000196e+01	2.013913988742819328e+01
2.317999999999999972e+01	2.055010731392654222e+01
2.572500000000000142e+01	2.110988817031192966e+01
2.330699999999999861e+01	2.410033905695834733e+01
1.939499999999999957e+01	2.259838680480452666e+01
2.512999999999999901e+01	2.443070037132807215e+01
2.163400000000000034e+01	2.286069762946991446e+01
2.458900000000000219e+01	2.452312797535060085e+01
2.444300000000000139e+01	2.316538881628120095e+01
2.392399999999999949e+01	2.334549090206140676e+01
2.387000000000000099e+01	2.238557680860188626e+01
2.110000000000000142e+01	1.773058698087783824e+01
2.139499999999999957e+01	2.329236801010527813e+01
2.130499999999999972e+01	2.180066527099497264e+01
2.182600000000000051e+01	2.247399790648364970e+01
1.855499999999999972e+01	1.831052647231604880e+01
2.126999999999999957e+01	2.340349390756207981e+01
2.339099999999999824e+01	2.300612448080556405e+01
2.472899999999999920e+01	2.402729209057344306e+01
2.591600000000000037e+01	2.357823450799209652e+01
2.256599999999999895e+01	2.106202634413354957e+01
1.933999999999999986e+01	2.143777631706191400e+01
2.325699999999999790e+01	2.116295349749328736e+01
2.139199999999999946e+01	2.409737844164837384e+01
1.777200000000000202e+01	2.053293742956726220e+01
2.447300000000000253e+01	2.393038176390759020e+01
2.117999999999999972e+01	2.155935388151203824e+01
2.428199999999999648e+01	2.344822628399017717e+01
2.126800000000000068e+01	2.221594809173357632e+01
2.410999999999999943e+01	2.308652053357988265e+01
2.602599999999999980e+01	2.475549876468260280e+01
2.553900000000000148e+01	2.172915075205038349e+01
2.869699999999999918e+01	2.643296856091248870e+01
2.128199999999999648e+01	2.173879106657173210e+01
2.178400000000000247e+01	2.014157110584254795e+01
2.102699999999999747e+01	2.380853281559839729e+01
2.569999999999999929e+01	2.123324009697069314e+01
2.402699999999999747e+01	2.443890314147420995e+01
2.438400000000000034e+01	2.579878053309597519e+01
2.197199999999999775e+01	2.358541509151901394e+01
1.862400000000000233e+01	2.082837861073743113e+01
2.349199999999999733e+01	2.653591411754507234e+01
2.066300000000000026e+01	2.162136614173949312e+01
2.124800000000000111e+01	2.280291098812649508e+01
1.923099999999999810e+01	2.033122148187761979e+01
2.435900000000000176e+01	2.260717149148068117e+01
2.321999999999999886e+01	2.368272734453671546e+01
2.450499999999999901e+01	2.262092055396772494e+01
2.083999999999999986e+01	2.234688232163711064e+01
2.175300000000000011e+01	2.567129068687957272e+01
2.036200000000000188e+01	2.200171811076497264e+01
2.329199999999999804e+01	2.450253459691622027e+01
2.307900000000000063e+01	2.460422357970767493e+01
2.060399999999999920e+01	2.101458618554357471e+01
2.258099999999999952e+01	2.344273471634926054e+01
2.786300000000000310e+01	2.305444497014444494e+01
2.429500000000000171e+01	2.242713895520303069e+01
3.012900000000000134e+01	2.637706626643899099e+01
2.547199999999999775e+01	2.402168992189222507e+01
2.511699999999999733e+01	2.381584465833925179e+01
1.751800000000000068e+01	2.015177948000006225e+01
2.383699999999999974e+01	2.058354696260531114e+01
2.138500000000000156e+01	2.157172901814755761e+01
2.471000000000000085e+01	2.226648835358672329e+01
2.536199999999999832e+01	2.568710618342770147e+01
2.311100000000000065e+01	2.319930541109709310e+01
1.803000000000000114e+01	2.160811329801768821e+01
1.809199999999999875e+01	2.100431359568041501e+01
2.236800000000000210e+01	2.208399241360511311e+01
2.263100000000000023e+01	2.329047004010742938e+01
2.574900000000000233e+01	2.177051388752541072e+01
2.177899999999999991e+01	2.205727653854835424e+01
2.208699999999999974e+01	2.116130187482774971e+01
2.360800000000000054e+01	2.174773295585956490e+01
2.177199999999999847e+01	2.066274971734171473e+01
1.932900000000000063e+01	2.252445979235568174e+01
2.498900000000000077e+01	2.353039570988074658e+01
2.274800000000000111e+01	1.853606240662441351e+01
2.360599999999999810e+01	2.067466977987745125e+01
1.862800000000000011e+01	2.001915962174558672e+01
2.401599999999999824e+01	2.519795179056004741e+01
1.573299999999999876e+01	2.036673000877646800e+01
2.013400000000000034e+01	2.316815320276052148e+01
2.223199999999999932e+01	2.125958318845189510e+01
2.478900000000000148e+01	2.174408672336180715e+01
2.305199999999999960e+01	2.378912176973957671e+01
2.413899999999999935e+01	2.403358259708630129e+01
2.509400000000000119e+01	2.384904329561725334e+01
1.740399999999999991e+01	1.974267780700819586e+01
2.121400000000000219e+01	2.279166348313035328e+01
2.475499999999999901e+01	2.646073780359412453e+01
2.550800000000000267e+01	2.310289982259281771e+01
2.278300000000000125e+01	2.386054531086141850e+01
2.369800000000000040e+01	2.360796641821299602e+01
2.534600000000000009e+01	2.137272450423927950e+01
2.290900000000000247e+01	2.175733386273565984e+01
2.338400000000000034e+01	2.320896414880325054e+01
1.433699999999999974e+01	1.867097610463479640e+01
2.510599999999999810e+01	2.413969623079959703e+01
2.222199999999999775e+01	2.377254128299266256e+01
2.544199999999999662e+01	2.336815137027591049e+01
2.239400000000000190e+01	2.266245333832083375e+01
2.050000000000000000e+01	2.226195638585891245e+01
2.468400000000000105e+01	2.248685079739692583e+01
2.190800000000000125e+01	2.263493860551488268e+01
2.142000000000000171e+01	2.330176462719643737e+01
2.121999999999999886e+01	2.060149170827284593e+01
1.894900000000000162e+01	2.171603244947936062e+01
2.385999999999999943e+01	2.335010342867388644e+01
2.174900000000000233e+01	2.273932091182039983e+01
2.251800000000000068e+01	2.451198253490227685e+01
2.242300000000000182e+01	2.083930629443072391e+01
2.338599999999999923e+01	2.166367653989562925e+01
2.108900000000000219e+01	2.171264449083903258e+01
2.536100000000000065e+01	2.489932326904441240e+01
2.099199999999999733e+01	1.988855137850913124e+01
2.318699999999999761e+01	2.222493530043443499e+01
1.899800000000000111e+01	1.927068187077340156e+01
2.385999999999999943e+01	2.533413081515649523e+01
1.938799999999999812e+01	2.183510461529612101e+01
2.673099999999999810e+01	2.405075737468211372e+01
2.055300000000000082e+01	2.420794130002545330e+01
2.052400000000000091e+01	2.002242579177078241e+01
1.826000000000000156e+01	1.967197113103074457e+01
2.193800000000000239e+01	2.205807848180801756e+01
2.772599999999999909e+01	2.284030446944639436e+01
2.101599999999999824e+01	2.049775810742866966e+01
2.035200000000000031e+01	2.305073293773742904e+01
2.527400000000000091e+01	2.249311887720684311e+01
2.415199999999999747e+01	2.495140369012166204e+01
2.071400000000000219e+01	2.223246127089280932e+01
2.056699999999999662e+01	2.289379490783877813e+01
2.516099999999999781e+01	2.379293968603314724e+01
2.471900000000000119e+01	2.181378495416636909e+01
2.611400000000000077e+01	2.383484669433497416e+01
2.562599999999999767e+01	2.450955113656277007e+01
2.213800000000000168e+01	2.420909796286140647e+01
2.639400000000000190e+01	2.337359809119588760e+01
2.563500000000000156e+01	2.427701445394782453e+01
1.995400000000000063e+01	1.837724318585893712e+01
2.046499999999999986e+01	2.228239346847103874e+01
2.662599999999999767e+01	2.276914480085254056e+01
2.412599999999999767e+01	2.359374515659924754e+01
2.273000000000000043e+01	2.301130770303244688e+01
2.494400000000000261e+01	2.188300775987791624e+01
2.479199999999999804e+01	2.328698219805908920e+01
2.620699999999999719e+01	2.436979221053537614e+01
2.589699999999999847e+01	2.695367654751175834e+01
2.294000000000000128e+01	2.075347019141530680e+01
2.463699999999999690e+01	2.153523012984917173e+01
2.008299999999999841e+01	2.104690438571980238e+01
2.442300000000000182e+01	2.150814682845537362e+01
2.221099999999999852e+01	2.070473516900262112e+01
1.980400000000000205e+01	2.073009947450726642e+01
2.194099999999999895e+01	2.135176724990810015e+01
2.541000000000000014e+01	2.518474570419847680e+01
2.421300000000000097e+01	2.318489770480890755e+01
2.376900000000000190e+01	2.198622045700465577e+01
2.324900000000000233e+01	2.222038461583209568e+01
2.224399999999999977e+01	2.345717605355849145e+01
2.360199999999999676e+01	2.302072337580082007e+01
2.556500000000000128e+01	2.322806004681391201e+01
2.602300000000000324e+01	2.264541371779677092e+01
2.143800000000000239e+01	2.334572425251583283e+01
2.447300000000000253e+01	2.245902579988737102e+01
2.379199999999999804e+01	2.374469246542496137e+01
2.577899999999999991e+01	2.313218583637722148e+01
2.150400000000000134e+01	2.239518603906929428e+01
2.599599999999999866e+01	2.393255799366730230e+01
2.365300000000000225e+01	2.150231956789324528e+01
2.024599999999999866e+01	2.151687769080195878e+01
2.305400000000000205e+01	2.185253035985393666e+01
2.094000000000000128e+01	2.321733477811704205e+01
2.633300000000000196e+01	2.231654135645050729e+01
2.039600000000000080e+01	2.016182612311785860e+01
2.258399999999999963e+01	2.279302319160003520e+01
2.498600000000000065e+01	2.521783469108671483e+01
2.301399999999999935e+01	2.249054313592946741e+01
2.227699999999999747e+01	2.080305811430101315e+01
2.308099999999999952e+01	2.388388630424152126e+01
2.423099999999999810e+01	2.461820157089606198e+01
2.522199999999999775e+01	2.259301092877891293e+01
2.472699999999999676e+01	2.000231316427987593e+01
2.117699999999999960e+01	2.133323906743924070e+01
2.215599999999999881e+01	2.346300809398780629e+01
2.453400000000000247e+01	2.097998705267655595e+01
2.086400000000000077e+01	2.343128263725261817e+01
2.171099999999999852e+01	2.091972814792424984e+01
2.123400000000000176e+01	2.079162625483965243e+01
2.326000000000000156e+01	2.129247989415036102e+01
2.365300000000000225e+01	2.354978698648079671e+01
2.316099999999999781e+01	2.338051533650439140e+01
2.266800000000000281e+01	2.181093072541630917e+01
2.177899999999999991e+01	2.504813690858715347e+01
1.876900000000000190e+01	2.238559452205863209e+01
2.183099999999999952e+01	2.310655308951026043e+01
2.566000000000000014e+01	2.425512656129026823e+01
2.248000000000000043e+01	2.276055894929422863e+01
2.168499999999999872e+01	2.033429177400955368e+01
2.199399999999999977e+01	2.228395454423284150e+01
2.396300000000000097e+01	2.163383578307110611e+01
2.062000000000000099e+01	2.160847793473788769e+01
2.117000000000000171e+01	2.169739207076293042e+01
2.082999999999999829e+01	2.320029058752166762e+01
2.209900000000000020e+01	2.287758699960587450e+01
2.406800000000000139e+01	2.183250209799387420e+01
2.438599999999999923e+01	2.627020808980961419e+01
1.766799999999999926e+01	2.028605526373662471e+01
2.461599999999999966e+01	2.354828254077733618e+01
2.546099999999999852e+01	2.334449928725541312e+01
2.217500000000000071e+01	2.101389311161929996e+01
2.640900000000000247e+01	2.584029475677082743e+01
2.306800000000000139e+01	2.177565420468846114e+01
2.309800000000000253e+01	2.314686894686598961e+01
1.907000000000000028e+01	2.006648022871738490e+01
1.931500000000000128e+01	2.336155417412504320e+01
1.801200000000000045e+01	1.978049269495964069e+01
1.972299999999999898e+01	2.134176905521844247e+01
1.845100000000000051e+01	2.123723889378968366e+01
2.372599999999999909e+01	2.376881568977035286e+01
2.080900000000000105e+01	2.076113206835224290e+01
2.142399999999999949e+01	1.957913090411004831e+01
2.521300000000000097e+01	2.232923580113812534e+01
2.207300000000000040e+01	2.442597853236576455e+01
2.572300000000000253e+01	2.317119670863227299e+01
2.406300000000000239e+01	2.320142648924232986e+01
2.168800000000000239e+01	2.181452175996184906e+01
2.337000000000000099e+01	2.177616718118976991e+01
2.201000000000000156e+01	2.333029396462201532e+01
2.446900000000000119e+01	2.203032407964233741e+01
2.268400000000000105e+01	2.262827384089775862e+01
2.499300000000000210e+01	2.448702114894630100e+01
2.091400000000000148e+01	2.091978397218510111e+01
1.920599999999999952e+01	2.084412138586296592e+01
2.102499999999999858e+01	2.099736925386624620e+01
2.566499999999999915e+01	2.348408364838937246e+01
1.989300000000000068e+01	2.036644349369673179e+01
2.549800000000000111e+01	2.316063425923583452e+01
1.924500000000000099e+01	2.098936883036496326e+01
2.771699999999999875e+01	2.560877679412823227e+01
1.973999999999999844e+01	2.508925931885126559e+01
2.371699999999999875e+01	2.129587206709865299e+01
2.207600000000000051e+01	2.185259265534352124e+01
2.694199999999999662e+01	2.282704304062971801e+01
2.199500000000000099e+01	2.322165102025126870e+01
2.075800000000000267e+01	2.203393888320865202e+01
2.333800000000000097e+01	2.331402957092737793e+01
2.028200000000000003e+01	2.234138580983542255e+01
2.148099999999999810e+01	2.316038492160142681e+01
2.153199999999999648e+01	2.196955844945069458e+01
2.018299999999999983e+01	2.219560838336247244e+01
2.412800000000000011e+01	2.267715369700128036e+01
2.772699999999999676e+01	2.646800115486104588e+01
2.531699999999999662e+01	2.486600055901921280e+01
2.176099999999999923e+01	2.300698992749367733e+01
2.483699999999999974e+01	1.940145625498439941e+01
2.067099999999999937e+01	2.324399409940611605e+01
2.072599999999999909e+01	2.027138902149296129e+01
2.494599999999999795e+01	2.612258859951862533e+01
2.243199999999999861e+01	2.101833542601789162e+01
2.322500000000000142e+01	2.446163365999563410e+01
2.467599999999999838e+01	2.112349870631309301e+01
2.496699999999999875e+01	2.432507596845354314e+01
2.424599999999999866e+01	2.129584650032487048e+01
2.427199999999999847e+01	2.188834451822974714e+01
2.555800000000000338e+01	2.145238602532621996e+01
2.087300000000000111e+01	2.095332010874929196e+01
2.311599999999999966e+01	2.378347684708047538e+01
2.482300000000000040e+01	2.640727015491990670e+01
2.220599999999999952e+01	2.291694156431822194e+01
2.492699999999999960e+01	2.485071151817086488e+01
2.249599999999999866e+01	2.096223636311930960e+01
2.271099999999999852e+01	2.162815966366082066e+01
2.115099999999999980e+01	2.128465934334830578e+01
2.275800000000000267e+01	2.147808687199644950e+01
2.194500000000000028e+01	2.024294574004635194e+01
1.822100000000000009e+01	2.248787174295784297e+01
