2.394699999999999918e+01	2.506326699247438938e+01
2.561100000000000065e+01	2.660957175394421981e+01
2.159400000000000119e+01	2.449356243657117105e+01
2.354500000000000171e+01	2.538133777959302861e+01
2.144699999999999918e+01	2.120585055186191781e+01
2.318599999999999994e+01	2.339685376115431126e+01
2.458199999999999719e+01	2.341387168131148044e+01
2.782900000000000063e+01	2.582154631445625981e+01
2.363199999999999790e+01	2.301092948066442290e+01
1.922599999999999909e+01	2.077072258954461503e+01
2.548900000000000077e+01	2.268482174443466093e+01
2.361199999999999832e+01	2.405815787136933892e+01
2.204699999999999704e+01	2.511709688561476028e+01
2.641499999999999915e+01	2.397378391959428967e+01
2.084600000000000009e+01	2.380180019545382564e+01
2.082600000000000051e+01	2.100837459215930636e+01
2.631500000000000128e+01	2.356359926170912189e+01
2.796599999999999753e+01	2.711622248969681337e+01
2.055699999999999861e+01	2.429326115300341371e+01
2.268499999999999872e+01	2.255773100393023256e+01
1.858500000000000085e+01	2.099196015227297707e+01
2.325199999999999889e+01	2.345636186879561436e+01
2.838599999999999923e+01	2.564115941656296371e+01
2.035399999999999920e+01	2.213106436164941115e+01
2.062400000000000233e+01	2.118660754087570552e+01
1.999800000000000111e+01	2.114460386649569656e+01
2.370499999999999829e+01	2.367166004215533093e+01
2.557499999999999929e+01	2.528681791934593548e+01
2.248699999999999832e+01	2.586377945733396899e+01
2.091800000000000281e+01	2.411905320792022778e+01
2.266499999999999915e+01	2.443974179213200060e+01
2.416800000000000281e+01	2.328500512641926079e+01
2.135699999999999932e+01	2.262225341781884325e+01
2.389699999999999847e+01	2.312368836312614562e+01
2.649399999999999977e+01	2.445552807210732382e+01
1.953500000000000014e+01	2.151571535796436407e+01
2.891099999999999781e+01	2.435109573811156380e+01
2.161100000000000065e+01	2.357310613216026951e+01
2.487300000000000111e+01	2.431819146129291553e+01
2.318900000000000006e+01	2.380977888356560968e+01
1.526299999999999990e+01	2.075036733230791341e+01
2.579400000000000048e+01	2.387589625370428337e+01
2.372800000000000153e+01	2.441196127312434783e+01
2.636699999999999733e+01	2.448612806540333509e+01
2.833300000000000196e+01	2.485515053544239450e+01
2.021300000000000097e+01	2.341734411140134142e+01
2.620800000000000196e+01	2.484745990835357432e+01
2.371300000000000097e+01	2.251690790625965022e+01
2.441300000000000026e+01	2.547657751283455596e+01
2.014199999999999946e+01	2.021226597846402839e+01
2.435599999999999810e+01	2.282888565139430881e+01
2.253800000000000026e+01	2.370681085526126708e+01
2.504500000000000171e+01	2.352351445944813690e+01
1.932600000000000051e+01	2.118046100054429104e+01
2.152100000000000080e+01	2.125633503933106638e+01
2.417199999999999704e+01	2.214921627197480447e+01
2.399199999999999733e+01	2.292652262364163462e+01
2.672199999999999775e+01	2.589417669636639374e+01
2.361800000000000210e+01	2.404930295916077299e+01
2.172500000000000142e+01	2.199302369665303658e+01
2.484099999999999753e+01	2.539499414148193424e+01
2.065800000000000125e+01	2.294492468069429236e+01
2.436800000000000210e+01	2.300057941298636877e+01
2.411599999999999966e+01	2.053447785817270344e+01
2.484400000000000119e+01	2.504856404587473762e+01
1.805300000000000082e+01	2.041040736088936924e+01
2.313800000000000168e+01	2.493870028043875564e+01
2.202300000000000324e+01	2.227471773000171495e+01
2.474800000000000111e+01	2.169009010290545802e+01
1.805900000000000105e+01	2.154096057833770672e+01
1.945100000000000051e+01	2.178777987516369308e+01
2.528699999999999903e+01	2.403019052864733851e+01
2.373300000000000054e+01	2.135193379959793702e+01
1.965500000000000114e+01	2.241698918196200552e+01
2.323600000000000065e+01	2.386184055718220876e+01
2.161199999999999832e+01	2.073673228310921601e+01
2.324500000000000099e+01	2.199281063765316446e+01
2.512300000000000111e+01	2.573505131232835197e+01
2.428099999999999881e+01	2.304871433008501924e+01
2.460699999999999932e+01	2.311738017409343726e+01
2.296599999999999753e+01	2.461556674156716085e+01
2.669300000000000139e+01	2.391235387154143766e+01
1.754200000000000159e+01	2.058029070310306352e+01
2.728699999999999903e+01	2.483439242243840894e+01
2.008299999999999841e+01	2.450101363426873391e+01
2.273300000000000054e+01	2.196576233638251097e+01
2.348300000000000054e+01	2.199376684242056257e+01
1.908500000000000085e+01	2.253092316059847988e+01
2.042299999999999827e+01	1.934635002067023990e+01
1.770299999999999940e+01	2.177149517343231366e+01
2.446400000000000219e+01	2.361689330490119687e+01
2.079500000000000171e+01	2.159314846554553569e+01
2.045499999999999829e+01	2.275264296260901276e+01
2.303099999999999881e+01	2.377973137913352986e+01
2.027299999999999969e+01	1.945085194087300806e+01
2.471800000000000352e+01	2.398153560579072519e+01
2.222199999999999775e+01	2.243126592293456056e+01
1.849399999999999977e+01	2.330742112984700043e+01
2.084800000000000253e+01	2.180832159529232683e+01
2.144599999999999795e+01	2.260749404549295249e+01
1.887800000000000011e+01	2.146731862863610729e+01
2.531099999999999994e+01	2.529131742507134106e+01
1.686899999999999977e+01	1.962913410554406113e+01
2.787000000000000099e+01	2.530731638604545708e+01
2.105300000000000082e+01	2.072845421568117530e+01
1.494900000000000162e+01	1.743124341584562842e+01
1.839099999999999824e+01	1.928226667271179551e+01
2.517900000000000205e+01	2.421702183729949809e+01
2.152699999999999747e+01	2.106082679667316526e+01
2.382600000000000051e+01	2.615223846401372043e+01
1.800400000000000134e+01	2.369889222948641105e+01
2.367300000000000182e+01	2.345994138985737720e+01
2.236699999999999733e+01	2.180564053522931900e+01
2.438400000000000034e+01	2.063615905946033280e+01
2.370100000000000051e+01	2.220106953288722451e+01
2.302699999999999747e+01	2.422417677440928685e+01
2.306500000000000128e+01	2.347291859301289918e+01
2.296300000000000097e+01	2.346320610132019624e+01
2.526199999999999690e+01	2.250851395662219545e+01
2.592399999999999949e+01	2.550972458211748872e+01
2.594900000000000162e+01	2.449492452610867232e+01
1.829799999999999827e+01	2.019529370036038074e+01
2.108500000000000085e+01	2.169471102558633646e+01
2.649099999999999966e+01	2.206343667988234714e+01
1.564599999999999902e+01	2.229638756139876676e+01
2.873400000000000176e+01	2.835032149806016832e+01
2.199300000000000210e+01	2.150234760236923393e+01
2.093400000000000105e+01	2.276775635461901004e+01
2.639600000000000080e+01	2.564058064581579188e+01
2.136300000000000310e+01	2.137626549707996659e+01
2.313899999999999935e+01	2.248415583468044687e+01
2.519300000000000139e+01	2.112484424351250567e+01
2.332300000000000040e+01	2.082656555203458382e+01
2.462500000000000000e+01	2.329325397137298737e+01
1.966199999999999903e+01	2.429353474830251614e+01
2.005599999999999739e+01	2.354032502753231526e+01
1.837699999999999889e+01	2.328523495370605900e+01
1.930000000000000071e+01	2.071705714631531592e+01
2.191499999999999915e+01	2.219615660170505578e+01
2.298099999999999810e+01	2.360117001997794262e+01
2.424199999999999733e+01	2.324980361423815722e+01
2.268199999999999861e+01	2.213709127998646409e+01
2.461300000000000310e+01	2.172192029950343439e+01
2.225000000000000000e+01	2.083360532547002819e+01
2.305999999999999872e+01	2.207458668515775457e+01
2.018700000000000117e+01	2.203818344730240142e+01
2.070300000000000296e+01	2.293851261170360800e+01
1.836799999999999855e+01	2.197625941171666142e+01
2.411699999999999733e+01	2.393708604244618598e+01
2.050300000000000011e+01	2.280382507397927583e+01
2.554800000000000182e+01	2.603109832261033318e+01
2.023799999999999955e+01	2.337703917394153308e+01
1.993299999999999983e+01	2.185043226104121317e+01
2.126999999999999957e+01	2.262812885024020204e+01
2.192099999999999937e+01	2.284592796559313044e+01
2.449099999999999966e+01	2.515774911924096457e+01
1.989600000000000080e+01	2.243788585730709784e+01
2.233099999999999952e+01	2.385493190421487242e+01
2.562000000000000099e+01	2.526837120629110345e+01
2.105800000000000338e+01	2.329974806198672255e+01
2.462699999999999889e+01	2.748673196226040005e+01
2.456699999999999662e+01	2.509885773895609518e+01
2.355099999999999838e+01	2.202478543240267683e+01
2.430800000000000338e+01	2.185624062735027096e+01
1.928500000000000014e+01	2.044160456079878330e+01
2.452199999999999847e+01	2.451536048583914251e+01
1.925000000000000000e+01	2.044550488865789717e+01
2.123400000000000176e+01	2.192815077893280318e+01
2.040700000000000003e+01	2.286380038142080906e+01
1.898999999999999844e+01	2.261096378970144727e+01
1.864099999999999824e+01	2.207344404166800445e+01
2.162300000000000111e+01	2.015163598548450707e+01
2.539999999999999858e+01	2.511879664526273359e+01
2.258300000000000196e+01	2.146024450543610129e+01
2.363599999999999923e+01	2.311849653956085859e+01
2.296000000000000085e+01	2.443022672902473147e+01
2.333900000000000219e+01	2.225890540068962054e+01
2.763899999999999935e+01	2.650049686000808080e+01
2.217699999999999960e+01	2.312701592622311253e+01
2.384900000000000020e+01	2.312126749585209140e+01
2.484099999999999753e+01	2.203712963764808563e+01
2.336300000000000310e+01	2.296325196926860812e+01
2.149300000000000210e+01	2.251712269284831436e+01
2.126500000000000057e+01	2.199016696601686149e+01
2.020799999999999841e+01	1.948174572438119512e+01
1.594900000000000162e+01	2.097092129205850597e+01
2.588100000000000023e+01	2.249436824664550016e+01
2.413199999999999790e+01	2.289431115976514874e+01
2.362699999999999889e+01	2.494336850041383258e+01
2.224800000000000111e+01	2.429653135835460631e+01
2.062099999999999866e+01	2.197992001626796110e+01
2.782800000000000296e+01	2.451656613009745556e+01
2.410599999999999810e+01	2.259201684786589936e+01
2.710699999999999932e+01	2.550785602913452266e+01
2.526300000000000168e+01	2.346381828514785539e+01
2.107800000000000296e+01	2.227081296363346397e+01
1.792200000000000060e+01	2.327869962841716145e+01
2.314300000000000068e+01	2.551856185024106694e+01
2.387400000000000233e+01	2.300274598942227300e+01
2.023300000000000054e+01	2.452937708860470423e+01
2.630199999999999960e+01	2.491655441398833659e+01
2.649099999999999966e+01	2.607423712705637797e+01
2.458399999999999963e+01	2.192811311267668017e+01
2.169500000000000028e+01	2.222993016750406881e+01
2.476199999999999690e+01	2.574447487134094814e+01
2.439499999999999957e+01	2.386862881681092574e+01
2.189499999999999957e+01	2.466397090746020737e+01
2.504199999999999804e+01	2.531537428951274293e+01
2.215500000000000114e+01	2.289858081098757836e+01
2.003000000000000114e+01	2.083032315145063862e+01
2.690800000000000125e+01	2.068520666366684679e+01
2.743699999999999761e+01	2.572382436906315917e+01
2.173699999999999832e+01	2.330234504635978610e+01
2.284900000000000020e+01	2.282721777331849466e+01
2.241900000000000048e+01	2.120710181262072069e+01
2.151199999999999690e+01	2.355023042491756513e+01
2.295400000000000063e+01	2.419520702457726813e+01
2.259099999999999753e+01	2.551810759048662902e+01
2.639999999999999858e+01	2.375281777242166470e+01
2.292599999999999838e+01	2.486603266992609917e+01
2.373000000000000043e+01	2.205699759839299290e+01
2.287099999999999866e+01	2.297799033436595195e+01
2.277199999999999847e+01	2.283708510550443549e+01
2.411499999999999844e+01	2.170060433647545395e+01
2.303800000000000026e+01	2.172859664206630370e+01
1.786299999999999955e+01	2.208094039318351065e+01
1.929299999999999926e+01	2.229444545313834425e+01
2.146800000000000352e+01	2.079481687850862315e+01
2.157699999999999818e+01	2.157965144355040010e+01
2.333300000000000196e+01	2.342524701415488408e+01
2.389099999999999824e+01	2.209176245924502524e+01
2.292999999999999972e+01	2.303494956561076279e+01
2.391400000000000148e+01	2.476131344557186864e+01
2.191499999999999915e+01	2.332727525534073010e+01
2.409699999999999775e+01	2.137687865055622893e+01
2.477300000000000324e+01	2.256244090777522615e+01
2.169300000000000139e+01	2.135368401387519199e+01
2.124399999999999977e+01	2.213847577736860828e+01
2.322100000000000009e+01	2.519888233295918667e+01
2.279500000000000171e+01	2.258647551794022235e+01
2.264199999999999946e+01	2.503056446901591414e+01
2.114800000000000324e+01	2.294967120943751837e+01
2.032700000000000173e+01	2.168274677060339783e+01
2.286400000000000077e+01	2.228943421725644924e+01
2.375600000000000023e+01	2.648150405820517506e+01
1.871099999999999852e+01	2.329621929726831198e+01
2.552199999999999847e+01	2.129291435050006953e+01
1.969900000000000162e+01	2.215853476227049512e+01
2.288400000000000034e+01	2.227294848170848596e+01
2.176999999999999957e+01	2.069388404542386084e+01
2.344599999999999795e+01	2.310620434336050621e+01
2.471999999999999886e+01	2.481274684527412333e+01
2.160000000000000142e+01	2.196787305046321848e+01
2.080999999999999872e+01	2.085471702264224092e+01
2.186899999999999977e+01	2.264158627712658145e+01
2.382400000000000162e+01	2.561542519338273749e+01
2.269900000000000162e+01	2.309542042834842235e+01
2.160900000000000176e+01	2.401571371311692005e+01
2.166900000000000048e+01	2.142373247186478480e+01
1.855599999999999739e+01	2.310403338327117950e+01
2.054400000000000048e+01	2.036758175890562583e+01
2.261499999999999844e+01	2.283227173779641461e+01
2.579199999999999804e+01	2.401060277342001470e+01
2.454300000000000281e+01	2.352565480902532968e+01
2.090800000000000125e+01	2.305491862119597002e+01
2.174900000000000233e+01	2.144771808575590555e+01
2.416800000000000281e+01	2.183518039229844376e+01
2.433300000000000196e+01	2.184051561555172327e+01
2.510800000000000054e+01	2.396599999155226612e+01
2.212699999999999889e+01	2.201034194271439404e+01
2.470800000000000196e+01	2.223160197596055099e+01
2.523300000000000054e+01	2.248060535518683167e+01
2.313100000000000023e+01	2.482463304421559869e+01
2.179400000000000048e+01	1.943589617067302555e+01
2.048499999999999943e+01	2.363483240277188102e+01
2.110699999999999932e+01	2.254752693302009803e+01
2.397100000000000009e+01	2.196030627564447713e+01
2.488899999999999935e+01	2.276283857763063168e+01
2.207099999999999795e+01	2.157168442374710793e+01
2.172599999999999909e+01	2.250161403006279315e+01
2.722100000000000009e+01	2.569786805242352656e+01
2.381500000000000128e+01	2.382401520858537225e+01
2.571900000000000119e+01	2.284016067594313171e+01
2.243800000000000239e+01	2.472586627577554452e+01
2.130000000000000071e+01	2.206906215973247143e+01
1.961200000000000188e+01	2.377410725816816139e+01
2.537099999999999866e+01	2.402237101806699471e+01
2.553599999999999781e+01	2.358951985416644348e+01
2.417599999999999838e+01	2.329917835645605351e+01
2.494300000000000139e+01	2.712400795166085388e+01
2.104699999999999704e+01	2.295027825452472925e+01
2.755400000000000205e+01	2.328376673723623824e+01
2.580900000000000105e+01	2.688903276724440872e+01
2.605300000000000082e+01	2.196374919866672215e+01
2.482300000000000040e+01	2.521174518790992991e+01
2.095499999999999829e+01	2.273838862783576431e+01
2.243300000000000338e+01	2.205373042833210917e+01
2.404699999999999704e+01	2.419390723264184473e+01
2.199699999999999989e+01	2.489243133197923541e+01
2.536400000000000077e+01	2.368499829167562254e+01
2.613899999999999935e+01	2.352453730046147840e+01
2.129800000000000182e+01	2.161955248810560803e+01
2.169500000000000028e+01	2.178494911024542091e+01
2.079500000000000171e+01	1.987487471164705610e+01
2.258599999999999852e+01	2.483026322699679866e+01
2.071800000000000352e+01	2.161364048979730512e+01
2.200099999999999767e+01	2.262635837244590675e+01
2.687099999999999866e+01	2.813863388437124513e+01
1.971000000000000085e+01	2.146068271238770464e+01
1.725600000000000023e+01	1.886281851176851632e+01
2.216800000000000281e+01	1.944236668400006351e+01
2.283500000000000085e+01	2.195045230454992691e+01
2.379199999999999804e+01	2.539189446983961318e+01
2.019000000000000128e+01	2.230818868041197689e+01
1.909400000000000119e+01	2.354045654250279185e+01
2.360800000000000054e+01	2.373610273481628141e+01
2.624099999999999966e+01	2.703499804476054891e+01
2.295300000000000296e+01	2.513592547163146662e+01
2.367699999999999960e+01	2.229075351191863774e+01
1.796199999999999974e+01	1.736714005529015381e+01
2.455099999999999838e+01	2.704084124915867093e+01
2.705900000000000105e+01	2.675089478938432208e+01
2.542199999999999704e+01	2.456103150358798359e+01
2.375400000000000134e+01	2.420917747257486852e+01
1.640200000000000102e+01	2.135479452615691898e+01
1.940599999999999881e+01	2.187810689672801345e+01
2.114099999999999824e+01	2.170307534316379261e+01
2.443400000000000105e+01	2.408806491077901057e+01
2.274900000000000233e+01	2.181128396504070110e+01
2.254899999999999949e+01	2.136768076297719787e+01
2.084499999999999886e+01	2.334219336495955943e+01
2.200800000000000267e+01	1.940530758064267047e+01
2.136499999999999844e+01	2.437423129609627637e+01
1.735399999999999920e+01	2.051731772419323363e+01
2.677899999999999991e+01	2.550263157793395763e+01
2.546900000000000119e+01	2.556551716104690897e+01
2.811599999999999966e+01	2.632207999712839808e+01
2.378500000000000014e+01	2.421215718608860001e+01
2.370499999999999829e+01	2.491146999605281920e+01
2.033999999999999986e+01	2.294844001062139327e+01
2.449399999999999977e+01	2.420337528614454925e+01
2.340699999999999648e+01	2.483323128854199169e+01
2.245699999999999719e+01	2.050324135953984594e+01
2.043299999999999983e+01	2.438742647805074881e+01
2.500400000000000134e+01	2.405442293758537886e+01
1.755000000000000071e+01	2.089784299026025138e+01
2.614499999999999957e+01	2.405667463995335709e+01
2.166099999999999781e+01	2.154059897648435395e+01
2.161899999999999977e+01	2.276483319245650350e+01
2.192300000000000182e+01	2.310747489610073657e+01
2.171400000000000219e+01	2.347174494772740871e+01
2.263599999999999923e+01	2.388090667882946150e+01
2.484699999999999775e+01	2.569070887820858928e+01
2.544099999999999895e+01	2.391580329415019790e+01
2.076999999999999957e+01	2.084688418261247733e+01
1.843200000000000216e+01	2.228405421605436132e+01
2.363100000000000023e+01	2.458010396453703450e+01
2.481500000000000128e+01	2.426498187590106070e+01
2.428699999999999903e+01	2.049088548939249321e+01
2.489199999999999946e+01	2.445570452611936929e+01
2.432000000000000028e+01	2.554235088238672802e+01
2.544400000000000261e+01	2.306542340553675530e+01
1.774200000000000088e+01	1.836484304516406851e+01
2.626800000000000068e+01	2.489749893547254445e+01
2.595400000000000063e+01	2.429071252211674903e+01
2.462099999999999866e+01	2.348377273277500166e+01
2.839600000000000080e+01	2.546467080254454274e+01
2.105000000000000071e+01	2.305427388650173270e+01
1.914700000000000202e+01	2.023542241595862023e+01
2.036899999999999977e+01	2.270297481049374255e+01
1.989000000000000057e+01	2.078846633899830110e+01
2.906500000000000128e+01	2.697458707482407547e+01
2.274800000000000111e+01	2.274290225021577427e+01
1.743700000000000117e+01	2.108086438063939738e+01
2.100300000000000011e+01	2.222119266309670138e+01
1.813599999999999923e+01	2.197920029622424565e+01
2.278400000000000247e+01	2.002635474277361283e+01
2.576699999999999946e+01	2.076417697190355938e+01
2.165199999999999747e+01	2.258204053898366936e+01
2.264999999999999858e+01	2.424549152455272250e+01
1.948700000000000188e+01	1.999500227544949027e+01
2.504400000000000048e+01	2.479193392496952342e+01
2.362999999999999901e+01	2.583288216583521546e+01
1.909900000000000020e+01	2.333536527188063658e+01
2.361599999999999966e+01	2.325833272020263109e+01
2.100099999999999767e+01	1.997648275586255195e+01
2.209400000000000119e+01	2.500967095484508462e+01
2.585199999999999676e+01	2.507295391771904036e+01
2.104400000000000048e+01	2.360736583638416164e+01
2.270800000000000196e+01	2.229035754864488439e+01
2.531900000000000261e+01	2.575319326983850132e+01
2.184800000000000253e+01	2.096364610317152710e+01
1.912300000000000111e+01	2.367061756334021183e+01
1.899900000000000233e+01	2.508855794931147898e+01
2.566000000000000014e+01	2.457164665166908080e+01
1.708399999999999963e+01	2.299792244970400290e+01
2.471300000000000097e+01	2.204589780392185361e+01
1.778200000000000003e+01	2.347537150859805877e+01
2.024699999999999989e+01	2.005764305686629001e+01
2.335500000000000043e+01	2.367615415244659616e+01
2.703900000000000148e+01	2.633528149553840336e+01
2.312699999999999889e+01	2.224577123108389998e+01
2.412400000000000233e+01	2.226395813598974627e+01
1.995100000000000051e+01	2.166667740542239073e+01
2.237500000000000000e+01	2.231688583731819620e+01
2.000600000000000023e+01	2.297895445345922738e+01
2.292300000000000182e+01	2.240021871725506486e+01
2.663100000000000023e+01	2.385712355278878505e+01
2.041799999999999926e+01	2.127107607196653660e+01
2.074500000000000099e+01	2.029353676708287679e+01
2.213500000000000156e+01	2.234931781200916490e+01
2.237699999999999889e+01	2.276215366216559843e+01
2.555199999999999960e+01	2.363678963186252346e+01
2.013799999999999812e+01	2.290095194583464888e+01
2.134199999999999875e+01	2.245228853557467019e+01
2.362400000000000233e+01	2.114909726407507407e+01
1.864900000000000091e+01	2.123571577284847223e+01
2.442199999999999704e+01	2.257930625557856885e+01
2.342999999999999972e+01	2.338968506007827841e+01
2.360199999999999676e+01	2.437732882867367579e+01
2.550600000000000023e+01	2.552660920330049166e+01
2.193599999999999994e+01	2.164447268638398825e+01
1.546499999999999986e+01	2.020337483241194576e+01
2.407300000000000040e+01	2.211119530756414875e+01
2.173800000000000310e+01	2.364718658007463148e+01
2.220699999999999719e+01	2.069282817374493177e+01
1.948300000000000054e+01	2.079583678804847935e+01
2.072400000000000020e+01	2.249561481243489780e+01
1.796099999999999852e+01	2.213750780183211120e+01
2.567500000000000071e+01	2.640565073871350776e+01
2.236199999999999832e+01	2.179698263211843923e+01
1.923499999999999943e+01	2.255922936140383328e+01
2.276699999999999946e+01	2.605347629555346245e+01
2.402400000000000091e+01	2.486905146534139988e+01
2.395300000000000296e+01	2.170689440453801211e+01
2.417699999999999960e+01	2.282002212986285272e+01
2.464300000000000068e+01	2.155323072051381672e+01
2.578000000000000114e+01	2.412611319984596392e+01
1.797599999999999909e+01	2.058219290895110731e+01
1.430900000000000105e+01	2.116133907610830533e+01
2.384699999999999775e+01	2.358101248980361930e+01
1.904500000000000171e+01	2.183818132675175150e+01
1.763700000000000045e+01	2.181188229223552000e+01
2.183900000000000219e+01	2.113399528757263468e+01
2.310099999999999909e+01	2.288919852177427927e+01
2.125199999999999889e+01	2.388464768588699272e+01
2.745300000000000296e+01	2.643325102446014085e+01
2.056099999999999994e+01	2.129691564157029759e+01
1.997400000000000020e+01	2.165767391804405406e+01
2.207699999999999818e+01	2.144514980085952160e+01
2.407499999999999929e+01	2.629048143865145448e+01
2.507499999999999929e+01	2.581662990654120193e+01
2.596999999999999886e+01	2.457086047739059254e+01
2.144199999999999662e+01	2.198539101744103519e+01
1.995700000000000074e+01	2.214804218645025102e+01
2.146400000000000219e+01	2.358954282260053148e+01
2.386899999999999977e+01	2.247033005795364247e+01
2.425000000000000000e+01	2.311962455934287419e+01
2.025700000000000145e+01	2.210178016612246665e+01
1.774699999999999989e+01	2.035641167539183627e+01
2.351599999999999824e+01	2.294706768814039322e+01
2.521099999999999852e+01	2.130076471840773422e+01
2.625699999999999790e+01	2.463365041455514870e+01
2.505000000000000071e+01	2.510171998846916708e+01
2.305300000000000082e+01	2.438603948121632214e+01
2.388400000000000034e+01	2.281477629491625336e+01
2.289999999999999858e+01	2.205817777690316817e+01
2.540500000000000114e+01	2.542542686696320331e+01
2.370199999999999818e+01	2.303056749612618503e+01
2.335800000000000054e+01	2.581219646966533787e+01
2.219199999999999662e+01	2.190963744744254527e+01
2.589199999999999946e+01	2.475812850780432228e+01
2.341199999999999903e+01	2.271178613433109916e+01
2.401000000000000156e+01	2.608915173826052936e+01
2.746000000000000085e+01	2.742647018293380512e+01
2.238500000000000156e+01	2.251928955498972229e+01
2.320899999999999963e+01	2.501713610293336032e+01
2.207199999999999918e+01	2.568842719935365437e+01
2.224900000000000233e+01	2.262001367637332905e+01
1.958900000000000219e+01	2.195890977238550335e+01
2.516499999999999915e+01	2.285012357042027986e+01
2.477699999999999747e+01	2.383596123957048718e+01
2.021999999999999886e+01	2.155775030965019567e+01
1.887599999999999767e+01	2.349124556811101172e+01
2.167699999999999960e+01	2.377618156330192534e+01
2.226999999999999957e+01	2.283843493920991818e+01
1.942399999999999949e+01	1.854542859094823015e+01
2.594000000000000128e+01	2.505690235869686688e+01
2.455000000000000071e+01	2.536337698544017272e+01
2.130800000000000338e+01	2.094118938901238280e+01
2.323699999999999832e+01	2.297587230487929233e+01
2.236899999999999977e+01	2.430353731244468563e+01
2.353300000000000125e+01	2.242902520033215552e+01
2.119500000000000028e+01	2.505145927608183243e+01
2.132499999999999929e+01	2.287403146200207260e+01
1.788500000000000156e+01	1.891925424958369106e+01
2.210599999999999810e+01	2.505450421788328086e+01
2.343300000000000338e+01	2.366256824724509045e+01
2.379199999999999804e+01	2.330508778938145298e+01
1.580799999999999983e+01	2.065947031453675109e+01
2.148000000000000043e+01	2.226324622609826775e+01
1.970499999999999829e+01	2.290610996566859825e+01
2.127499999999999858e+01	2.120538215985174446e+01
2.549800000000000111e+01	2.368484824888588136e+01
2.448400000000000176e+01	2.425002094939268460e+01
2.845599999999999952e+01	2.401788037449402680e+01
2.172800000000000153e+01	2.278935823605104716e+01
2.489499999999999957e+01	2.283106135616732502e+01
2.335900000000000176e+01	2.437164544111220366e+01
2.153999999999999915e+01	2.200986692319063920e+01
2.265199999999999747e+01	2.163560991943587908e+01
2.019299999999999784e+01	2.311107283470430929e+01
1.920200000000000173e+01	2.273085310377697255e+01
1.792800000000000082e+01	2.085171482679981025e+01
2.235699999999999932e+01	2.147222504704657808e+01
2.539300000000000068e+01	2.200823888577639309e+01
2.118499999999999872e+01	2.152414072955151880e+01
2.509699999999999775e+01	2.321628262990693159e+01
2.149399999999999977e+01	2.048234513668277756e+01
2.262400000000000233e+01	2.392685959831878861e+01
2.858699999999999974e+01	2.668342171833575449e+01
2.099099999999999966e+01	2.182021334741423502e+01
2.624500000000000099e+01	2.282246168349133342e+01
2.457400000000000162e+01	2.502270727777644410e+01
2.180099999999999838e+01	2.166715790911667483e+01
2.115099999999999980e+01	2.296850448886555540e+01
2.458699999999999974e+01	2.404774576264309616e+01
2.438400000000000034e+01	2.286270363371234993e+01
2.275099999999999767e+01	2.105584615098086232e+01
2.415199999999999747e+01	2.487660654962445506e+01
1.937000000000000099e+01	2.108204687801270083e+01
2.246599999999999753e+01	2.278967557158277302e+01
2.613300000000000267e+01	2.423662301829783416e+01
2.537599999999999767e+01	2.314348752756725958e+01
2.315399999999999991e+01	2.240928481071436096e+01
1.989300000000000068e+01	2.213468112673701427e+01
1.917699999999999960e+01	2.317104217039681657e+01
2.433099999999999952e+01	2.549560756771414560e+01
2.230400000000000205e+01	2.510016596399469790e+01
2.157300000000000040e+01	2.318495046349988797e+01
2.110699999999999932e+01	2.136783924221645137e+01
2.063300000000000267e+01	2.373065366179726254e+01
1.544599999999999973e+01	2.128979091006538127e+01
2.357600000000000051e+01	2.411635411305418941e+01
2.235800000000000054e+01	2.180342409734001308e+01
1.795200000000000173e+01	2.128883276026258287e+01
2.687900000000000134e+01	2.199181360728628576e+01
2.442500000000000071e+01	2.176622650275599469e+01
2.330800000000000338e+01	2.180650072654797000e+01
2.089000000000000057e+01	2.225455271910152177e+01
2.400900000000000034e+01	2.344659717703570578e+01
2.204199999999999804e+01	2.513796142149251267e+01
2.014499999999999957e+01	2.091352695899909975e+01
2.311699999999999733e+01	2.068971847091079752e+01
2.848600000000000065e+01	2.493330213329903344e+01
1.912000000000000099e+01	2.179735231225337699e+01
2.239000000000000057e+01	2.485601539168060015e+01
2.116699999999999804e+01	2.248663039209258940e+01
1.917500000000000071e+01	2.163498818470440455e+01
1.958900000000000219e+01	2.296930117911060520e+01
2.213899999999999935e+01	2.204095303619510204e+01
1.976399999999999935e+01	2.132007928270810027e+01
2.908999999999999986e+01	2.765317921729605999e+01
1.835099999999999909e+01	2.187692645865495678e+01
2.201500000000000057e+01	2.315323386537199468e+01
1.461800000000000033e+01	1.976435264376648959e+01
2.065300000000000225e+01	2.309728253307738299e+01
1.964499999999999957e+01	2.107199646550280647e+01
1.855799999999999983e+01	2.151989409314576562e+01
2.220499999999999829e+01	2.055127715420765355e+01
2.486899999999999977e+01	2.333231714847809712e+01
2.170599999999999952e+01	2.203468761701758538e+01
2.175000000000000000e+01	2.209905098205426199e+01
2.452300000000000324e+01	2.415082865321076966e+01
2.059099999999999753e+01	2.310497241395063739e+01
2.158599999999999852e+01	2.132347563988865957e+01
2.456800000000000139e+01	2.344922786608561793e+01
2.545400000000000063e+01	2.430081107493391812e+01
2.307000000000000028e+01	2.433039367178915668e+01
2.450099999999999767e+01	2.492364920944980256e+01
2.371499999999999986e+01	2.672431530876861316e+01
1.914999999999999858e+01	2.141300141365276133e+01
2.397100000000000009e+01	2.552037593338384269e+01
2.042900000000000205e+01	2.412298887452085694e+01
2.110900000000000176e+01	2.324557640014576165e+01
1.993799999999999883e+01	2.464478181145523905e+01
2.190099999999999980e+01	2.148692721515514137e+01
2.349500000000000099e+01	2.181141291057754827e+01
2.216499999999999915e+01	2.199140793133711114e+01
2.015200000000000102e+01	2.270746744593150268e+01
2.066800000000000281e+01	2.333566196454853880e+01
2.093199999999999861e+01	2.308448049682445102e+01
1.798400000000000176e+01	2.059405431755173765e+01
2.357499999999999929e+01	2.225586125813505234e+01
2.615500000000000114e+01	2.468683339717814107e+01
2.014400000000000190e+01	2.139404236203027310e+01
2.274500000000000099e+01	2.214924480526953943e+01
2.312999999999999901e+01	2.232697003610655528e+01
2.657400000000000162e+01	2.506687833852939917e+01
2.094699999999999918e+01	2.329640483762928582e+01
2.260099999999999909e+01	2.185800979151879631e+01
2.333999999999999986e+01	2.523307810917278360e+01
2.116600000000000037e+01	2.123964044140988605e+01
2.164199999999999946e+01	2.215644306930022367e+01
2.089099999999999824e+01	2.255305570529153414e+01
2.086100000000000065e+01	2.402423321375567866e+01
2.308500000000000085e+01	2.393346151731793370e+01
2.634300000000000352e+01	2.389898091801190461e+01
2.327800000000000225e+01	2.450140225883221490e+01
2.031299999999999883e+01	2.203626898112489840e+01
2.268800000000000239e+01	2.207976107970930357e+01
2.294599999999999795e+01	2.541449394234033576e+01
2.079599999999999937e+01	2.273171750676746328e+01
2.479699999999999704e+01	2.587712907530771034e+01
1.632199999999999918e+01	2.172354510395485505e+01
2.411800000000000210e+01	2.239743582986514880e+01
2.286899999999999977e+01	2.682127827942717957e+01
2.332600000000000051e+01	2.718196473380054812e+01
1.984600000000000009e+01	2.178473103810688016e+01
2.433399999999999963e+01	2.269663036639816056e+01
2.182800000000000296e+01	2.287905181022050272e+01
2.662300000000000111e+01	2.510915341937447565e+01
2.023400000000000176e+01	2.210810095119954255e+01
2.301000000000000156e+01	2.162223187908670852e+01
2.122899999999999920e+01	1.989327053777510912e+01
2.383900000000000219e+01	2.350891795695744690e+01
2.525699999999999790e+01	2.483937502447276913e+01
2.727199999999999847e+01	2.549680431320064500e+01
2.230599999999999739e+01	2.117023270625717046e+01
2.091699999999999804e+01	2.116156879718806749e+01
2.191099999999999781e+01	2.469235912412185741e+01
2.694500000000000028e+01	2.486540766600818131e+01
2.121099999999999852e+01	2.051299485679746581e+01
2.390199999999999747e+01	2.434947401271233502e+01
2.049500000000000099e+01	2.184832003082096819e+01
1.856200000000000117e+01	2.050188027611828545e+01
2.011499999999999844e+01	2.348462095996519139e+01
2.569000000000000128e+01	2.515347234972590229e+01
2.249500000000000099e+01	2.358900271064007725e+01
2.246099999999999852e+01	2.316634336736829169e+01
1.469700000000000095e+01	2.127556161874186458e+01
1.929100000000000037e+01	2.212371035449401546e+01
1.946799999999999997e+01	2.032557932600818518e+01
2.143599999999999994e+01	2.078796187102071613e+01
2.226300000000000168e+01	2.031100740941898408e+01
2.254800000000000182e+01	2.288322160947466344e+01
2.437000000000000099e+01	2.511163669189309289e+01
2.468699999999999761e+01	2.307084041368401373e+01
2.361199999999999832e+01	2.454121259730289495e+01
2.351399999999999935e+01	2.332862642016257126e+01
2.275000000000000000e+01	2.361650514485037533e+01
2.771000000000000085e+01	2.626368689050262262e+01
2.176300000000000168e+01	2.100399471599942558e+01
2.103300000000000125e+01	2.262108361290061254e+01
1.877799999999999869e+01	2.148837947419013972e+01
2.144800000000000040e+01	2.392223027101854527e+01
2.195599999999999952e+01	2.157834052822904169e+01
2.391099999999999781e+01	2.329849487026825727e+01
2.230499999999999972e+01	2.472396765650955430e+01
2.685199999999999676e+01	2.310622521400203055e+01
2.196900000000000119e+01	2.198053249218931882e+01
2.612199999999999989e+01	2.360822931124946322e+01
2.241900000000000048e+01	2.415665695712353056e+01
2.502899999999999991e+01	2.362366475377040231e+01
1.752299999999999969e+01	2.482431473512704656e+01
2.157800000000000296e+01	2.394207861856471453e+01
2.655800000000000338e+01	2.298878334251629951e+01
2.655000000000000071e+01	2.434573132608442592e+01
2.115199999999999747e+01	2.117693470837915370e+01
1.948700000000000188e+01	2.068595750852791681e+01
2.297899999999999920e+01	2.314499404309471231e+01
2.233300000000000196e+01	2.077897047326758795e+01
2.397100000000000009e+01	2.284166348231015675e+01
2.292599999999999838e+01	2.315474958038026543e+01
2.295899999999999963e+01	2.497389773133837920e+01
1.877299999999999969e+01	2.406331995964239567e+01
2.446599999999999753e+01	2.831152255556903086e+01
2.480400000000000205e+01	2.225706971729070460e+01
2.184900000000000020e+01	2.294153370632695399e+01
1.711400000000000077e+01	1.988895429554981931e+01
2.607099999999999795e+01	2.455674242290423592e+01
2.555800000000000338e+01	2.705091726931418705e+01
2.202499999999999858e+01	2.545049647247637736e+01
1.891000000000000014e+01	2.417109752420610391e+01
1.870200000000000173e+01	2.256802684754214994e+01
2.187400000000000233e+01	2.228588120482721280e+01
2.427899999999999991e+01	2.246047846356229627e+01
2.478000000000000114e+01	2.286245125036498393e+01
2.559699999999999775e+01	2.316604552882160917e+01
2.413699999999999690e+01	2.173154316717928936e+01
2.409800000000000253e+01	2.405989831149828362e+01
1.962199999999999989e+01	2.007283817790744607e+01
2.177300000000000324e+01	2.166949113155923357e+01
2.143800000000000239e+01	2.474521810511955167e+01
2.176000000000000156e+01	2.149552236082664081e+01
1.971599999999999753e+01	2.285349823706582129e+01
2.290800000000000125e+01	2.100331078979299448e+01
2.138500000000000156e+01	2.342825645796806100e+01
2.605999999999999872e+01	2.510234268832617488e+01
1.556400000000000006e+01	1.999158447634900782e+01
2.465900000000000247e+01	2.512859765585099581e+01
2.121599999999999753e+01	2.180911883626147940e+01
2.833399999999999963e+01	2.540649550554769220e+01
1.778699999999999903e+01	2.032910482821909426e+01
2.012099999999999866e+01	2.197460555457036335e+01
1.765099999999999980e+01	2.097915235801564293e+01
2.254300000000000281e+01	2.252618197126349031e+01
2.262900000000000134e+01	2.155660784705937871e+01
2.309499999999999886e+01	2.270711187650749707e+01
2.790800000000000125e+01	2.602595579869277742e+01
2.343900000000000006e+01	2.004437850262610965e+01
2.504699999999999704e+01	2.292422659440886079e+01
2.370199999999999818e+01	2.191937723026660123e+01
1.874800000000000111e+01	1.935756820278467316e+01
2.059199999999999875e+01	2.202553813668662741e+01
2.947100000000000009e+01	2.567829467036110813e+01
2.165699999999999648e+01	2.339048783410278176e+01
1.960299999999999798e+01	2.294248701671642010e+01
2.336100000000000065e+01	2.246570470022821198e+01
2.396099999999999852e+01	2.193973497307793963e+01
2.130199999999999960e+01	2.147980703373840683e+01
2.538100000000000023e+01	2.503864493980601935e+01
2.114999999999999858e+01	2.053474646845750584e+01
2.195800000000000196e+01	2.082235771555700765e+01
2.317999999999999972e+01	2.089748650292686349e+01
2.572500000000000142e+01	2.149325215820783086e+01
2.330699999999999861e+01	2.485535807112544759e+01
1.939499999999999957e+01	2.300840674232109606e+01
2.512999999999999901e+01	2.493258671249416736e+01
2.163400000000000034e+01	2.323448483319816660e+01
2.458900000000000219e+01	2.500640113483950699e+01
2.444300000000000139e+01	2.375940836641616016e+01
2.392399999999999949e+01	2.362864056519052980e+01
2.387000000000000099e+01	2.285616808049498871e+01
2.110000000000000142e+01	1.841667577213167917e+01
2.139499999999999957e+01	2.396485718417787680e+01
2.130499999999999972e+01	2.241945812989059661e+01
2.182600000000000051e+01	2.277007766497717967e+01
1.855499999999999972e+01	1.901866294566107385e+01
2.126999999999999957e+01	2.396006431365827893e+01
2.339099999999999824e+01	2.330026916550363580e+01
2.472899999999999920e+01	2.449698870625851299e+01
2.591600000000000037e+01	2.436792390805501185e+01
2.256599999999999895e+01	2.161167248814642861e+01
1.933999999999999986e+01	2.207102964977147508e+01
2.325699999999999790e+01	2.167588878981094780e+01
2.139199999999999946e+01	2.412303853219490435e+01
1.777200000000000202e+01	2.134152499852391571e+01
2.447300000000000253e+01	2.479862988816555358e+01
2.117999999999999972e+01	2.221045818306091846e+01
2.428199999999999648e+01	2.390719469324182711e+01
2.126800000000000068e+01	2.295848072454890243e+01
2.410999999999999943e+01	2.351845235091691677e+01
2.602599999999999980e+01	2.527722108028827463e+01
2.553900000000000148e+01	2.234779171979307222e+01
2.869699999999999918e+01	2.679757092239295346e+01
2.128199999999999648e+01	2.247945131486394388e+01
2.178400000000000247e+01	2.104820839435616975e+01
2.102699999999999747e+01	2.408393519971007279e+01
2.569999999999999929e+01	2.171619280016783904e+01
2.402699999999999747e+01	2.492149731824635239e+01
2.438400000000000034e+01	2.623656851568727078e+01
2.197199999999999775e+01	2.384450452915221774e+01
1.862400000000000233e+01	2.158491456163634936e+01
2.349199999999999733e+01	2.696064415284205396e+01
2.066300000000000026e+01	2.205060144344078310e+01
2.124800000000000111e+01	2.326134392450208210e+01
1.923099999999999810e+01	2.063571640334287238e+01
2.435900000000000176e+01	2.286646066319789128e+01
2.321999999999999886e+01	2.417395595946915066e+01
2.450499999999999901e+01	2.290390372579577516e+01
2.083999999999999986e+01	2.298244565614250234e+01
2.175300000000000011e+01	2.591343655196319773e+01
2.036200000000000188e+01	2.238761157688311698e+01
2.329199999999999804e+01	2.497819715879903057e+01
2.307900000000000063e+01	2.509267975579564691e+01
2.060399999999999920e+01	2.135635782098576740e+01
2.258099999999999952e+01	2.423089943071894936e+01
2.786300000000000310e+01	2.315956805939759988e+01
2.429500000000000171e+01	2.289243199043834309e+01
3.012900000000000134e+01	2.693641120202911665e+01
2.547199999999999775e+01	2.447215377407570713e+01
2.511699999999999733e+01	2.401761483588571622e+01
1.751800000000000068e+01	2.051825138081169442e+01
2.383699999999999974e+01	2.103503120622978884e+01
2.138500000000000156e+01	2.212519029762975720e+01
2.471000000000000085e+01	2.281860474147248397e+01
2.536199999999999832e+01	2.604307587887663544e+01
2.311100000000000065e+01	2.366481208082252863e+01
1.803000000000000114e+01	2.266087243552620833e+01
1.809199999999999875e+01	2.188960348574019932e+01
2.236800000000000210e+01	2.283647751309496954e+01
2.263100000000000023e+01	2.342794975856581274e+01
2.574900000000000233e+01	2.236086355349597454e+01
2.177899999999999991e+01	2.278719152051972685e+01
2.208699999999999974e+01	2.194323735348801208e+01
2.360800000000000054e+01	2.227831356405689434e+01
2.177199999999999847e+01	2.156202349614733293e+01
1.932900000000000063e+01	2.305626441943435978e+01
2.498900000000000077e+01	2.380180515695965227e+01
2.274800000000000111e+01	1.920480305628111140e+01
2.360599999999999810e+01	2.149914455073304609e+01
1.862800000000000011e+01	2.058354010270189960e+01
2.401599999999999824e+01	2.556679305752989251e+01
1.573299999999999876e+01	2.093461068485210674e+01
2.013400000000000034e+01	2.398854421767293488e+01
2.223199999999999932e+01	2.141216390255301505e+01
2.478900000000000148e+01	2.238870627849503236e+01
2.305199999999999960e+01	2.420409752052764318e+01
2.413899999999999935e+01	2.462549781114178415e+01
2.509400000000000119e+01	2.402099730159908830e+01
1.740399999999999991e+01	2.034477721438423359e+01
2.121400000000000219e+01	2.308045276056070705e+01
2.475499999999999901e+01	2.650492541344172892e+01
2.550800000000000267e+01	2.338408737005512705e+01
2.278300000000000125e+01	2.435702433814616086e+01
2.369800000000000040e+01	2.407385042397345032e+01
2.534600000000000009e+01	2.150697325282743222e+01
2.290900000000000247e+01	2.256008735390591724e+01
2.338400000000000034e+01	2.398669145446323014e+01
1.433699999999999974e+01	1.910503387051442203e+01
2.510599999999999810e+01	2.480769069349272726e+01
2.222199999999999775e+01	2.450380798780393832e+01
2.544199999999999662e+01	2.391322497777897738e+01
2.239400000000000190e+01	2.327772267081908808e+01
2.050000000000000000e+01	2.316163776661049667e+01
2.468400000000000105e+01	2.276226010981913461e+01
2.190800000000000125e+01	2.265045704585640607e+01
2.142000000000000171e+01	2.387434100032488260e+01
2.121999999999999886e+01	2.147771811629041494e+01
1.894900000000000162e+01	2.227751171501466487e+01
2.385999999999999943e+01	2.366571637742822531e+01
2.174900000000000233e+01	2.322146501752469661e+01
2.251800000000000068e+01	2.492064354333016496e+01
2.242300000000000182e+01	2.117515779328711645e+01
2.338599999999999923e+01	2.203442896564561693e+01
2.108900000000000219e+01	2.211936176162022960e+01
2.536100000000000065e+01	2.529576020247553814e+01
2.099199999999999733e+01	2.030252748616559799e+01
2.318699999999999761e+01	2.290804018655138918e+01
1.899800000000000111e+01	2.000398236284323161e+01
2.385999999999999943e+01	2.564288828783397989e+01
1.938799999999999812e+01	2.244280254231487248e+01
2.673099999999999810e+01	2.445834705291615663e+01
2.055300000000000082e+01	2.433443646259922843e+01
2.052400000000000091e+01	2.059630379599276040e+01
1.826000000000000156e+01	2.010388654225569027e+01
2.193800000000000239e+01	2.281356169169355042e+01
2.772599999999999909e+01	2.322031792453103449e+01
2.101599999999999824e+01	2.120321836776638236e+01
2.035200000000000031e+01	2.344917904849500800e+01
2.527400000000000091e+01	2.314942759483923851e+01
2.415199999999999747e+01	2.521998906650122052e+01
2.071400000000000219e+01	2.264510724194737179e+01
2.056699999999999662e+01	2.335034311501959792e+01
2.516099999999999781e+01	2.402267870128495630e+01
2.471900000000000119e+01	2.218603012202872904e+01
2.611400000000000077e+01	2.420291179082559196e+01
2.562599999999999767e+01	2.540397461654788103e+01
2.213800000000000168e+01	2.478088132649515174e+01
2.639400000000000190e+01	2.357559337442431513e+01
2.563500000000000156e+01	2.495236049632141828e+01
1.995400000000000063e+01	1.888535158320879148e+01
2.046499999999999986e+01	2.293154924240835157e+01
2.662599999999999767e+01	2.316555207967934393e+01
2.412599999999999767e+01	2.414409730518366004e+01
2.273000000000000043e+01	2.363658732162514653e+01
2.494400000000000261e+01	2.247719997715773843e+01
2.479199999999999804e+01	2.399506873901368564e+01
2.620699999999999719e+01	2.508232709758135925e+01
2.589699999999999847e+01	2.725041629122761222e+01
2.294000000000000128e+01	2.159994394765536541e+01
2.463699999999999690e+01	2.189092157936647709e+01
2.008299999999999841e+01	2.179648868782598825e+01
2.442300000000000182e+01	2.191163901302012462e+01
2.221099999999999852e+01	2.134357846037420714e+01
1.980400000000000205e+01	2.135091976123666058e+01
2.194099999999999895e+01	2.178418367318845483e+01
2.541000000000000014e+01	2.615812221697593998e+01
2.421300000000000097e+01	2.369457455042024208e+01
2.376900000000000190e+01	2.272590126714337799e+01
2.324900000000000233e+01	2.268818430890680204e+01
2.224399999999999977e+01	2.396877897838389870e+01
2.360199999999999676e+01	2.354309064316285927e+01
2.556500000000000128e+01	2.404421774493960839e+01
2.602300000000000324e+01	2.288513088205728963e+01
2.143800000000000239e+01	2.350953453719939290e+01
2.447300000000000253e+01	2.252162249862774601e+01
2.379199999999999804e+01	2.432755271984875378e+01
2.577899999999999991e+01	2.381093451115984294e+01
2.150400000000000134e+01	2.300487811549950834e+01
2.599599999999999866e+01	2.473457576863255625e+01
2.365300000000000225e+01	2.203718179330761018e+01
2.024599999999999866e+01	2.188221913105275362e+01
2.305400000000000205e+01	2.242063862305333544e+01
2.094000000000000128e+01	2.394927023122689391e+01
2.633300000000000196e+01	2.309229465476715148e+01
2.039600000000000080e+01	2.098725756436821754e+01
2.258399999999999963e+01	2.357985178281629501e+01
2.498600000000000065e+01	2.583136287871810666e+01
2.301399999999999935e+01	2.297725091868618108e+01
2.227699999999999747e+01	2.123271931802496937e+01
2.308099999999999952e+01	2.454844475970646300e+01
2.423099999999999810e+01	2.516653925932694236e+01
2.522199999999999775e+01	2.268772481288200993e+01
2.472699999999999676e+01	2.035138906418256255e+01
2.117699999999999960e+01	2.201285613567644717e+01
2.215599999999999881e+01	2.378773086587435159e+01
2.453400000000000247e+01	2.145484520209461010e+01
2.086400000000000077e+01	2.395834564038375802e+01
2.171099999999999852e+01	2.154202628727158952e+01
2.123400000000000176e+01	2.136560734963461172e+01
2.326000000000000156e+01	2.181508785283861229e+01
2.365300000000000225e+01	2.408131167282621377e+01
2.316099999999999781e+01	2.364443259119082441e+01
2.266800000000000281e+01	2.250131275097483652e+01
2.177899999999999991e+01	2.547632270025084367e+01
1.876900000000000190e+01	2.319757653817582721e+01
2.183099999999999952e+01	2.359016062023957971e+01
2.566000000000000014e+01	2.488186302036415753e+01
2.248000000000000043e+01	2.359627852160886619e+01
2.168499999999999872e+01	2.081129954146619809e+01
2.199399999999999977e+01	2.281156271063105478e+01
2.396300000000000097e+01	2.246181539342961031e+01
2.062000000000000099e+01	2.210491821582927585e+01
2.117000000000000171e+01	2.227655794384381238e+01
2.082999999999999829e+01	2.365039675743179615e+01
2.209900000000000020e+01	2.354083159776494227e+01
2.406800000000000139e+01	2.244467923513801466e+01
2.438599999999999923e+01	2.688120414050295892e+01
1.766799999999999926e+01	2.093511969893785007e+01
2.461599999999999966e+01	2.406754585891496490e+01
2.546099999999999852e+01	2.382905250648389028e+01
2.217500000000000071e+01	2.157530027222020053e+01
2.640900000000000247e+01	2.636931798765245105e+01
2.306800000000000139e+01	2.222383565535815109e+01
2.309800000000000253e+01	2.390980038231853300e+01
1.907000000000000028e+01	2.052711423020287640e+01
1.931500000000000128e+01	2.383625339088926509e+01
1.801200000000000045e+01	2.069178345764811411e+01
1.972299999999999898e+01	2.207234975776074748e+01
1.845100000000000051e+01	2.183107343284216739e+01
2.372599999999999909e+01	2.427907814176182555e+01
2.080900000000000105e+01	2.141530403627412937e+01
2.142399999999999949e+01	1.971883792771772903e+01
2.521300000000000097e+01	2.297514124537171654e+01
2.207300000000000040e+01	2.488321774699747380e+01
2.572300000000000253e+01	2.362064306137022029e+01
2.406300000000000239e+01	2.364948827793845254e+01
2.168800000000000239e+01	2.266510509932722783e+01
2.337000000000000099e+01	2.212916683987760536e+01
2.201000000000000156e+01	2.403305060187629039e+01
2.446900000000000119e+01	2.223896449991087820e+01
2.268400000000000105e+01	2.322861603930098440e+01
2.499300000000000210e+01	2.476260940000312871e+01
2.091400000000000148e+01	2.132149872975339022e+01
1.920599999999999952e+01	2.117732915145635175e+01
2.102499999999999858e+01	2.186629189152538189e+01
2.566499999999999915e+01	2.362646572083983543e+01
1.989300000000000068e+01	2.090456334449093845e+01
2.549800000000000111e+01	2.335194700914480492e+01
1.924500000000000099e+01	2.112947431860597192e+01
2.771699999999999875e+01	2.598116740230139499e+01
1.973999999999999844e+01	2.520542744150164438e+01
2.371699999999999875e+01	2.182612233986900918e+01
2.207600000000000051e+01	2.237531459227365715e+01
2.694199999999999662e+01	2.335465468954560819e+01
2.199500000000000099e+01	2.355166143870107121e+01
2.075800000000000267e+01	2.259179411064760146e+01
2.333800000000000097e+01	2.397739837271272023e+01
2.028200000000000003e+01	2.273335525899509690e+01
2.148099999999999810e+01	2.381402971803152369e+01
2.153199999999999648e+01	2.307470326463123556e+01
2.018299999999999983e+01	2.281077685566366853e+01
2.412800000000000011e+01	2.304262079093121685e+01
2.772699999999999676e+01	2.703774388650176519e+01
2.531699999999999662e+01	2.522052790080607210e+01
2.176099999999999923e+01	2.360425743417397371e+01
2.483699999999999974e+01	2.008043512904177419e+01
2.067099999999999937e+01	2.382707859629031688e+01
2.072599999999999909e+01	2.071251239239128950e+01
2.494599999999999795e+01	2.659088740459438682e+01
2.243199999999999861e+01	2.173273326917801995e+01
2.322500000000000142e+01	2.487397766210563077e+01
2.467599999999999838e+01	2.153656903732189676e+01
2.496699999999999875e+01	2.497094561755317343e+01
2.424599999999999866e+01	2.173755862282270357e+01
2.427199999999999847e+01	2.231171780362952717e+01
2.555800000000000338e+01	2.197729723109884503e+01
2.087300000000000111e+01	2.127249137672661661e+01
2.311599999999999966e+01	2.420853822205589978e+01
2.482300000000000040e+01	2.674186224960523006e+01
2.220599999999999952e+01	2.342163194730187570e+01
2.492699999999999960e+01	2.525044130150146415e+01
2.249599999999999866e+01	2.151818495572730328e+01
2.271099999999999852e+01	2.180041924792913477e+01
2.115099999999999980e+01	2.156808230798516490e+01
2.275800000000000267e+01	2.206448177395577304e+01
2.194500000000000028e+01	2.100107048231098261e+01
1.822100000000000009e+01	2.252709997234953221e+01
