2.394699999999999918e+01	2.457235657038515342e+01
2.561100000000000065e+01	2.643326687048232770e+01
2.159400000000000119e+01	2.402922505807102382e+01
2.354500000000000171e+01	2.486790060934872670e+01
2.144699999999999918e+01	2.087188146335381944e+01
2.318599999999999994e+01	2.299626344057749705e+01
2.458199999999999719e+01	2.288582087609995241e+01
2.782900000000000063e+01	2.540592300447085350e+01
2.363199999999999790e+01	2.282947795672445324e+01
1.922599999999999909e+01	2.038455612270458772e+01
2.548900000000000077e+01	2.229383440380193804e+01
2.361199999999999832e+01	2.363894556399922209e+01
2.204699999999999704e+01	2.485997903310564894e+01
2.641499999999999915e+01	2.363358378098988410e+01
2.084600000000000009e+01	2.329510742844788496e+01
2.082600000000000051e+01	2.106101407141776249e+01
2.631500000000000128e+01	2.315840925228208391e+01
2.796599999999999753e+01	2.649860818100621884e+01
2.055699999999999861e+01	2.378769243682099699e+01
2.268499999999999872e+01	2.233351200029694894e+01
1.858500000000000085e+01	2.067977821289758111e+01
2.325199999999999889e+01	2.326073207488237315e+01
2.838599999999999923e+01	2.530887708034593331e+01
2.035399999999999920e+01	2.158615877176453779e+01
2.062400000000000233e+01	2.094847161212390674e+01
1.999800000000000111e+01	2.077670201047676457e+01
2.370499999999999829e+01	2.330045678171993728e+01
2.557499999999999929e+01	2.500434864016694192e+01
2.248699999999999832e+01	2.541193333738162607e+01
2.091800000000000281e+01	2.359138562720941579e+01
2.266499999999999915e+01	2.412887703435294284e+01
2.416800000000000281e+01	2.290230539551354028e+01
2.135699999999999932e+01	2.207450762115150411e+01
2.389699999999999847e+01	2.278605401836801647e+01
2.649399999999999977e+01	2.390191442891988416e+01
1.953500000000000014e+01	2.089173238319806458e+01
2.891099999999999781e+01	2.394419617665056066e+01
2.161100000000000065e+01	2.308740562286205034e+01
2.487300000000000111e+01	2.411631104974640749e+01
2.318900000000000006e+01	2.332779338738782116e+01
1.526299999999999990e+01	2.065850948749614702e+01
2.579400000000000048e+01	2.382663445471778729e+01
2.372800000000000153e+01	2.421550363322695887e+01
2.636699999999999733e+01	2.412286192207382740e+01
2.833300000000000196e+01	2.450919042191629060e+01
2.021300000000000097e+01	2.315133709081259639e+01
2.620800000000000196e+01	2.434082631256615059e+01
2.371300000000000097e+01	2.201152169079276888e+01
2.441300000000000026e+01	2.480777969915224190e+01
2.014199999999999946e+01	1.998842115065722780e+01
2.435599999999999810e+01	2.261109973337273615e+01
2.253800000000000026e+01	2.348165882277993433e+01
2.504500000000000171e+01	2.342758821982526740e+01
1.932600000000000051e+01	2.092698576186166903e+01
2.152100000000000080e+01	2.081169049628201151e+01
2.417199999999999704e+01	2.175310804841407730e+01
2.399199999999999733e+01	2.249603312800703492e+01
2.672199999999999775e+01	2.542140435557299583e+01
2.361800000000000210e+01	2.364721870005373106e+01
2.172500000000000142e+01	2.180057778160875515e+01
2.484099999999999753e+01	2.485532373899607350e+01
2.065800000000000125e+01	2.259951813643098362e+01
2.436800000000000210e+01	2.267318570596629002e+01
2.411599999999999966e+01	2.019013643589530460e+01
2.484400000000000119e+01	2.457157420599114772e+01
1.805300000000000082e+01	2.001984833268010888e+01
2.313800000000000168e+01	2.453543906241333872e+01
2.202300000000000324e+01	2.194260345116144251e+01
2.474800000000000111e+01	2.127571908669172629e+01
1.805900000000000105e+01	2.126482728972973035e+01
1.945100000000000051e+01	2.135065199174563233e+01
2.528699999999999903e+01	2.364797014520638641e+01
2.373300000000000054e+01	2.099997630033012541e+01
1.965500000000000114e+01	2.182622352019333078e+01
2.323600000000000065e+01	2.363031539022177085e+01
2.161199999999999832e+01	2.067811683134806344e+01
2.324500000000000099e+01	2.186326997584271226e+01
2.512300000000000111e+01	2.515910783472594758e+01
2.428099999999999881e+01	2.290242707237649711e+01
2.460699999999999932e+01	2.278429321040978905e+01
2.296599999999999753e+01	2.415473023023413646e+01
2.669300000000000139e+01	2.345382477637626195e+01
1.754200000000000159e+01	2.021463306722346687e+01
2.728699999999999903e+01	2.450701677011168655e+01
2.008299999999999841e+01	2.411412666692034534e+01
2.273300000000000054e+01	2.182652383070328028e+01
2.348300000000000054e+01	2.163834587711892610e+01
1.908500000000000085e+01	2.227257834020620564e+01
2.042299999999999827e+01	1.923413780929978500e+01
1.770299999999999940e+01	2.130088636169085703e+01
2.446400000000000219e+01	2.323618136205855222e+01
2.079500000000000171e+01	2.126697583744000752e+01
2.045499999999999829e+01	2.243513136826065235e+01
2.303099999999999881e+01	2.351322806057002168e+01
2.027299999999999969e+01	1.930437918568376787e+01
2.471800000000000352e+01	2.341315365156922823e+01
2.222199999999999775e+01	2.230756332987041191e+01
1.849399999999999977e+01	2.336420914323527143e+01
2.084800000000000253e+01	2.151127031945617674e+01
2.144599999999999795e+01	2.214864982225771683e+01
1.887800000000000011e+01	2.101530405088287878e+01
2.531099999999999994e+01	2.474307487181027554e+01
1.686899999999999977e+01	1.919408783510819916e+01
2.787000000000000099e+01	2.499923962863420357e+01
2.105300000000000082e+01	2.056380771564517218e+01
1.494900000000000162e+01	1.734487851061809494e+01
1.839099999999999824e+01	1.910399993893300774e+01
2.517900000000000205e+01	2.400662569595746021e+01
2.152699999999999747e+01	2.059716485103596639e+01
2.382600000000000051e+01	2.555614583236589610e+01
1.800400000000000134e+01	2.356581594865156504e+01
2.367300000000000182e+01	2.334581340561501506e+01
2.236699999999999733e+01	2.147436857806781063e+01
2.438400000000000034e+01	2.070708597443641352e+01
2.370100000000000051e+01	2.196667235418889419e+01
2.302699999999999747e+01	2.353648364682019434e+01
2.306500000000000128e+01	2.303548064766884096e+01
2.296300000000000097e+01	2.317676741644064720e+01
2.526199999999999690e+01	2.220720608557903120e+01
2.592399999999999949e+01	2.506937622325671100e+01
2.594900000000000162e+01	2.393309418200560401e+01
1.829799999999999827e+01	1.981514437801479644e+01
2.108500000000000085e+01	2.143885564633113106e+01
2.649099999999999966e+01	2.166000141446478722e+01
1.564599999999999902e+01	2.198403305521606299e+01
2.873400000000000176e+01	2.784314772569254615e+01
2.199300000000000210e+01	2.123812265273375388e+01
2.093400000000000105e+01	2.248219485892446556e+01
2.639600000000000080e+01	2.524153157562757954e+01
2.136300000000000310e+01	2.109342111818929766e+01
2.313899999999999935e+01	2.217323070123570261e+01
2.519300000000000139e+01	2.086236170656983901e+01
2.332300000000000040e+01	2.057393888085058720e+01
2.462500000000000000e+01	2.295212759858205231e+01
1.966199999999999903e+01	2.387082917169323792e+01
2.005599999999999739e+01	2.312655795682124094e+01
1.837699999999999889e+01	2.286272184735544499e+01
1.930000000000000071e+01	2.064682225929016823e+01
2.191499999999999915e+01	2.168971394474256797e+01
2.298099999999999810e+01	2.325150331009082549e+01
2.424199999999999733e+01	2.274526165144353840e+01
2.268199999999999861e+01	2.166048680371481439e+01
2.461300000000000310e+01	2.164972586750205963e+01
2.225000000000000000e+01	2.034287147053375477e+01
2.305999999999999872e+01	2.162081424677402097e+01
2.018700000000000117e+01	2.163300225818567668e+01
2.070300000000000296e+01	2.277799982354369135e+01
1.836799999999999855e+01	2.185557530958216077e+01
2.411699999999999733e+01	2.347712495062828353e+01
2.050300000000000011e+01	2.244172675784588833e+01
2.554800000000000182e+01	2.562480546472638565e+01
2.023799999999999955e+01	2.299419833878613417e+01
1.993299999999999983e+01	2.165950783308745642e+01
2.126999999999999957e+01	2.224698566955985868e+01
2.192099999999999937e+01	2.238937182122118585e+01
2.449099999999999966e+01	2.487967955308741352e+01
1.989600000000000080e+01	2.196064511442153133e+01
2.233099999999999952e+01	2.359616188955108740e+01
2.562000000000000099e+01	2.492736224069704676e+01
2.105800000000000338e+01	2.283077426314201830e+01
2.462699999999999889e+01	2.716970320021941987e+01
2.456699999999999662e+01	2.478624833076206713e+01
2.355099999999999838e+01	2.156058476873692342e+01
2.430800000000000338e+01	2.154899565762684333e+01
1.928500000000000014e+01	2.017442025761743807e+01
2.452199999999999847e+01	2.446761249928744419e+01
1.925000000000000000e+01	2.042252760015546542e+01
2.123400000000000176e+01	2.157231575198720108e+01
2.040700000000000003e+01	2.244533642183447952e+01
1.898999999999999844e+01	2.228057618497969017e+01
1.864099999999999824e+01	2.178816445184640926e+01
2.162300000000000111e+01	2.011357060539516795e+01
2.539999999999999858e+01	2.489044722815354049e+01
2.258300000000000196e+01	2.146927582492050846e+01
2.363599999999999923e+01	2.269647502594572686e+01
2.296000000000000085e+01	2.412817958605528190e+01
2.333900000000000219e+01	2.194418508518240785e+01
2.763899999999999935e+01	2.611122737330710919e+01
2.217699999999999960e+01	2.293177718839946522e+01
2.384900000000000020e+01	2.286449206244932242e+01
2.484099999999999753e+01	2.194454431942312667e+01
2.336300000000000310e+01	2.252959100269259096e+01
2.149300000000000210e+01	2.235153204704965546e+01
2.126500000000000057e+01	2.169787201353945605e+01
2.020799999999999841e+01	1.931259170268626946e+01
1.594900000000000162e+01	2.071620652737930612e+01
2.588100000000000023e+01	2.216578754174443944e+01
2.413199999999999790e+01	2.258908799512182952e+01
2.362699999999999889e+01	2.474481543865203292e+01
2.224800000000000111e+01	2.388771525163343057e+01
2.062099999999999866e+01	2.198024811458309813e+01
2.782800000000000296e+01	2.454145526354982820e+01
2.410599999999999810e+01	2.238647050064503574e+01
2.710699999999999932e+01	2.528128347497402117e+01
2.526300000000000168e+01	2.320973852170717677e+01
2.107800000000000296e+01	2.174614888617303876e+01
1.792200000000000060e+01	2.278041814606547888e+01
2.314300000000000068e+01	2.524411436658450114e+01
2.387400000000000233e+01	2.245463884379021380e+01
2.023300000000000054e+01	2.402541649486270003e+01
2.630199999999999960e+01	2.461302096681937002e+01
2.649099999999999966e+01	2.553648007154543365e+01
2.458399999999999963e+01	2.137935696204602465e+01
2.169500000000000028e+01	2.184908102823083453e+01
2.476199999999999690e+01	2.533215042049291910e+01
2.439499999999999957e+01	2.363532812388701743e+01
2.189499999999999957e+01	2.423271384255972194e+01
2.504199999999999804e+01	2.501638922954144562e+01
2.215500000000000114e+01	2.270561884468122571e+01
2.003000000000000114e+01	2.073396817650820623e+01
2.690800000000000125e+01	2.042570650110470254e+01
2.743699999999999761e+01	2.507371221792235261e+01
2.173699999999999832e+01	2.282121220062397171e+01
2.284900000000000020e+01	2.256624241693713984e+01
2.241900000000000048e+01	2.096834474038226048e+01
2.151199999999999690e+01	2.300863449470359967e+01
2.295400000000000063e+01	2.376345801921581824e+01
2.259099999999999753e+01	2.515126367173199995e+01
2.639999999999999858e+01	2.353143072940772029e+01
2.292599999999999838e+01	2.454943802553253462e+01
2.373000000000000043e+01	2.187487857958783977e+01
2.287099999999999866e+01	2.256538306283053785e+01
2.277199999999999847e+01	2.255204592166795408e+01
2.411499999999999844e+01	2.155213357926860240e+01
2.303800000000000026e+01	2.158751778646885100e+01
1.786299999999999955e+01	2.183008845227052674e+01
1.929299999999999926e+01	2.215167077108673510e+01
2.146800000000000352e+01	2.062355735812042923e+01
2.157699999999999818e+01	2.126460027016668874e+01
2.333300000000000196e+01	2.291197840055996693e+01
2.389099999999999824e+01	2.151017908103835552e+01
2.292999999999999972e+01	2.269706884304046923e+01
2.391400000000000148e+01	2.439588472742963177e+01
2.191499999999999915e+01	2.335310176279351779e+01
2.409699999999999775e+01	2.124545310292610978e+01
2.477300000000000324e+01	2.221700073081817095e+01
2.169300000000000139e+01	2.133153292696271563e+01
2.124399999999999977e+01	2.209484019067341976e+01
2.322100000000000009e+01	2.470004062488466801e+01
2.279500000000000171e+01	2.190486176138288599e+01
2.264199999999999946e+01	2.458093102786570228e+01
2.114800000000000324e+01	2.278919692281214182e+01
2.032700000000000173e+01	2.109595742522234829e+01
2.286400000000000077e+01	2.192961506578574316e+01
2.375600000000000023e+01	2.610082317546902431e+01
1.871099999999999852e+01	2.305745406614299498e+01
2.552199999999999847e+01	2.106321718002911325e+01
1.969900000000000162e+01	2.157353548648705299e+01
2.288400000000000034e+01	2.186880570063087603e+01
2.176999999999999957e+01	2.031773993675367151e+01
2.344599999999999795e+01	2.287347961606586466e+01
2.471999999999999886e+01	2.424394899272301984e+01
2.160000000000000142e+01	2.169530843664326270e+01
2.080999999999999872e+01	2.033575408603682533e+01
2.186899999999999977e+01	2.251135435317415201e+01
2.382400000000000162e+01	2.530750400743637130e+01
2.269900000000000162e+01	2.287639598203196556e+01
2.160900000000000176e+01	2.338442954551942066e+01
2.166900000000000048e+01	2.114663438020411945e+01
1.855599999999999739e+01	2.288153310066650903e+01
2.054400000000000048e+01	2.024973741770136115e+01
2.261499999999999844e+01	2.267035183611428550e+01
2.579199999999999804e+01	2.370363252668695964e+01
2.454300000000000281e+01	2.318580271316760744e+01
2.090800000000000125e+01	2.250178910046587433e+01
2.174900000000000233e+01	2.079185154811205294e+01
2.416800000000000281e+01	2.158097912333271040e+01
2.433300000000000196e+01	2.139424082474213407e+01
2.510800000000000054e+01	2.342974904158334937e+01
2.212699999999999889e+01	2.156574857474620899e+01
2.470800000000000196e+01	2.219625902537556428e+01
2.523300000000000054e+01	2.223747504318831147e+01
2.313100000000000023e+01	2.461191527604917795e+01
2.179400000000000048e+01	1.914307470256611765e+01
2.048499999999999943e+01	2.322670433889260266e+01
2.110699999999999932e+01	2.231634182236901154e+01
2.397100000000000009e+01	2.174796460663995035e+01
2.488899999999999935e+01	2.217112840355745007e+01
2.207099999999999795e+01	2.151658253367524054e+01
2.172599999999999909e+01	2.220479975164316500e+01
2.722100000000000009e+01	2.541250679822028857e+01
2.381500000000000128e+01	2.362663656627850983e+01
2.571900000000000119e+01	2.254928133706698645e+01
2.243800000000000239e+01	2.430308766635543094e+01
2.130000000000000071e+01	2.202437939714745951e+01
1.961200000000000188e+01	2.361741461011642684e+01
2.537099999999999866e+01	2.363054141177072154e+01
2.553599999999999781e+01	2.324228331615218224e+01
2.417599999999999838e+01	2.300919639563941388e+01
2.494300000000000139e+01	2.671327365021195988e+01
2.104699999999999704e+01	2.272295440107081177e+01
2.755400000000000205e+01	2.309867367847802555e+01
2.580900000000000105e+01	2.651663678129941104e+01
2.605300000000000082e+01	2.159224553154900406e+01
2.482300000000000040e+01	2.510316152880864138e+01
2.095499999999999829e+01	2.226354445877552024e+01
2.243300000000000338e+01	2.148908095117241146e+01
2.404699999999999704e+01	2.413603940362034805e+01
2.199699999999999989e+01	2.457375374636353982e+01
2.536400000000000077e+01	2.347232639755849704e+01
2.613899999999999935e+01	2.312482011988742059e+01
2.129800000000000182e+01	2.132439942394434595e+01
2.169500000000000028e+01	2.132091596384460885e+01
2.079500000000000171e+01	1.968191958265300201e+01
2.258599999999999852e+01	2.439645923014421669e+01
2.071800000000000352e+01	2.150609711497628140e+01
2.200099999999999767e+01	2.238771376491617815e+01
2.687099999999999866e+01	2.763893956544934838e+01
1.971000000000000085e+01	2.120903715990540306e+01
1.725600000000000023e+01	1.871493030569198979e+01
2.216800000000000281e+01	1.931514976347131096e+01
2.283500000000000085e+01	2.187135812173633553e+01
2.379199999999999804e+01	2.477564993841209784e+01
2.019000000000000128e+01	2.178104572478399703e+01
1.909400000000000119e+01	2.306715547996186189e+01
2.360800000000000054e+01	2.323146755710503797e+01
2.624099999999999966e+01	2.669102243164959987e+01
2.295300000000000296e+01	2.479606388041541365e+01
2.367699999999999960e+01	2.193252440123286817e+01
1.796199999999999974e+01	1.707249568713823251e+01
2.455099999999999838e+01	2.664725823903738444e+01
2.705900000000000105e+01	2.631226097678909781e+01
2.542199999999999704e+01	2.431362390654234318e+01
2.375400000000000134e+01	2.377608715137932194e+01
1.640200000000000102e+01	2.123003707787774275e+01
1.940599999999999881e+01	2.145015989137704437e+01
2.114099999999999824e+01	2.127942122445709217e+01
2.443400000000000105e+01	2.404101640618933544e+01
2.274900000000000233e+01	2.177558498890246241e+01
2.254899999999999949e+01	2.092390075133758387e+01
2.084499999999999886e+01	2.306409499185820877e+01
2.200800000000000267e+01	1.923038141309226745e+01
2.136499999999999844e+01	2.408140340440294480e+01
1.735399999999999920e+01	2.037162253858934591e+01
2.677899999999999991e+01	2.498618834557290569e+01
2.546900000000000119e+01	2.525178494179977662e+01
2.811599999999999966e+01	2.610860992197769903e+01
2.378500000000000014e+01	2.383927529286970071e+01
2.370499999999999829e+01	2.480025117253661904e+01
2.033999999999999986e+01	2.269785698164939092e+01
2.449399999999999977e+01	2.394952202802463859e+01
2.340699999999999648e+01	2.446329665987718371e+01
2.245699999999999719e+01	2.047906098862410929e+01
2.043299999999999983e+01	2.403651189064554927e+01
2.500400000000000134e+01	2.392412854033283409e+01
1.755000000000000071e+01	2.062973369636723575e+01
2.614499999999999957e+01	2.367601572460461057e+01
2.166099999999999781e+01	2.101853530309915996e+01
2.161899999999999977e+01	2.259124784573993594e+01
2.192300000000000182e+01	2.280714004561215802e+01
2.171400000000000219e+01	2.342288536060028648e+01
2.263599999999999923e+01	2.373284272700459141e+01
2.484699999999999775e+01	2.524510445250803770e+01
2.544099999999999895e+01	2.339736889800018815e+01
2.076999999999999957e+01	2.090395334022451834e+01
1.843200000000000216e+01	2.219200775330811481e+01
2.363100000000000023e+01	2.425960296638735869e+01
2.481500000000000128e+01	2.392876625242363531e+01
2.428699999999999903e+01	1.988335780342160675e+01
2.489199999999999946e+01	2.392423658971822320e+01
2.432000000000000028e+01	2.509247829514503181e+01
2.544400000000000261e+01	2.249109447660523031e+01
1.774200000000000088e+01	1.813403553936939971e+01
2.626800000000000068e+01	2.432144140181746295e+01
2.595400000000000063e+01	2.408366209289897597e+01
2.462099999999999866e+01	2.335354220381453416e+01
2.839600000000000080e+01	2.486958312663251647e+01
2.105000000000000071e+01	2.285294153064723588e+01
1.914700000000000202e+01	2.004119134260442436e+01
2.036899999999999977e+01	2.220173700038796483e+01
1.989000000000000057e+01	2.061356355898146830e+01
2.906500000000000128e+01	2.645091049398363481e+01
2.274800000000000111e+01	2.232726747235598452e+01
1.743700000000000117e+01	2.099785547173839717e+01
2.100300000000000011e+01	2.197215810771723810e+01
1.813599999999999923e+01	2.167069317153165287e+01
2.278400000000000247e+01	1.973438903229856223e+01
2.576699999999999946e+01	2.082203826185141082e+01
2.165199999999999747e+01	2.216237399922312790e+01
2.264999999999999858e+01	2.388282547673431111e+01
1.948700000000000188e+01	1.958776554287805283e+01
2.504400000000000048e+01	2.457604321715670181e+01
2.362999999999999901e+01	2.545755245182499138e+01
1.909900000000000020e+01	2.305095084191109223e+01
2.361599999999999966e+01	2.305937561402635438e+01
2.100099999999999767e+01	1.967219859001658122e+01
2.209400000000000119e+01	2.483732615287488343e+01
2.585199999999999676e+01	2.463982084512331738e+01
2.104400000000000048e+01	2.297974182777542396e+01
2.270800000000000196e+01	2.201320060329896577e+01
2.531900000000000261e+01	2.553203852929229711e+01
2.184800000000000253e+01	2.075428460767789929e+01
1.912300000000000111e+01	2.336481956125556536e+01
1.899900000000000233e+01	2.481736178026797290e+01
2.566000000000000014e+01	2.420554977622382609e+01
1.708399999999999963e+01	2.286564212305408361e+01
2.471300000000000097e+01	2.178123434803229941e+01
1.778200000000000003e+01	2.299823923489741517e+01
2.024699999999999989e+01	1.994954268687274634e+01
2.335500000000000043e+01	2.332321692028281745e+01
2.703900000000000148e+01	2.586170793320782835e+01
2.312699999999999889e+01	2.202543780394053741e+01
2.412400000000000233e+01	2.196049205504595747e+01
1.995100000000000051e+01	2.118479346898074311e+01
2.237500000000000000e+01	2.188669052879369303e+01
2.000600000000000023e+01	2.236982946650045534e+01
2.292300000000000182e+01	2.225451739818369745e+01
2.663100000000000023e+01	2.360424689770317741e+01
2.041799999999999926e+01	2.121351750321778340e+01
2.074500000000000099e+01	1.995646094917840330e+01
2.213500000000000156e+01	2.222076871172896517e+01
2.237699999999999889e+01	2.239049679153353978e+01
2.555199999999999960e+01	2.312747729762370597e+01
2.013799999999999812e+01	2.239382718282367790e+01
2.134199999999999875e+01	2.206893901057248897e+01
2.362400000000000233e+01	2.106165023553055349e+01
1.864900000000000091e+01	2.111858951565672982e+01
2.442199999999999704e+01	2.254640244573451824e+01
2.342999999999999972e+01	2.322529784163870659e+01
2.360199999999999676e+01	2.397423278798940416e+01
2.550600000000000023e+01	2.522014997315418938e+01
2.193599999999999994e+01	2.138611921225018975e+01
1.546499999999999986e+01	2.016296498721138519e+01
2.407300000000000040e+01	2.149659562794503742e+01
2.173800000000000310e+01	2.358764089942422615e+01
2.220699999999999719e+01	2.015158070817348346e+01
1.948300000000000054e+01	2.035416319280259856e+01
2.072400000000000020e+01	2.240421616873944544e+01
1.796099999999999852e+01	2.154630618426953603e+01
2.567500000000000071e+01	2.586970830928617815e+01
2.236199999999999832e+01	2.122114881717512347e+01
1.923499999999999943e+01	2.253658345305885646e+01
2.276699999999999946e+01	2.574778660760985005e+01
2.402400000000000091e+01	2.457164214218738962e+01
2.395300000000000296e+01	2.162936539654638324e+01
2.417699999999999960e+01	2.262457546937141828e+01
2.464300000000000068e+01	2.126287135647494964e+01
2.578000000000000114e+01	2.385152949895985230e+01
1.797599999999999909e+01	2.038556382110620646e+01
1.430900000000000105e+01	2.074426375134698119e+01
2.384699999999999775e+01	2.294645323478137300e+01
1.904500000000000171e+01	2.162652160752151786e+01
1.763700000000000045e+01	2.136798653163427630e+01
2.183900000000000219e+01	2.069194203822627642e+01
2.310099999999999909e+01	2.268355629448372923e+01
2.125199999999999889e+01	2.370220384125522273e+01
2.745300000000000296e+01	2.625179060399293363e+01
2.056099999999999994e+01	2.095689973422999230e+01
1.997400000000000020e+01	2.151345083460375918e+01
2.207699999999999818e+01	2.103343144867360692e+01
2.407499999999999929e+01	2.569668245394264261e+01
2.507499999999999929e+01	2.539038518921525878e+01
2.596999999999999886e+01	2.402575592424665274e+01
2.144199999999999662e+01	2.196102588618200002e+01
1.995700000000000074e+01	2.184610305174995659e+01
2.146400000000000219e+01	2.315306230528457476e+01
2.386899999999999977e+01	2.229895445428151035e+01
2.425000000000000000e+01	2.267297099798678772e+01
2.025700000000000145e+01	2.182573357623950727e+01
1.774699999999999989e+01	2.017046098314438396e+01
2.351599999999999824e+01	2.249612470508773043e+01
2.521099999999999852e+01	2.105084526443629045e+01
2.625699999999999790e+01	2.395568329903357352e+01
2.505000000000000071e+01	2.476000423149380225e+01
2.305300000000000082e+01	2.424795972291838098e+01
2.388400000000000034e+01	2.237989653870061701e+01
2.289999999999999858e+01	2.169133013904969332e+01
2.540500000000000114e+01	2.503228197947131051e+01
2.370199999999999818e+01	2.257382577995958428e+01
2.335800000000000054e+01	2.530899458556535819e+01
2.219199999999999662e+01	2.168745695922704542e+01
2.589199999999999946e+01	2.426879832048114594e+01
2.341199999999999903e+01	2.238654668024402383e+01
2.401000000000000156e+01	2.583309373537350950e+01
2.746000000000000085e+01	2.709246453300576718e+01
2.238500000000000156e+01	2.228475349064667199e+01
2.320899999999999963e+01	2.456376666847043566e+01
2.207199999999999918e+01	2.535778312411790480e+01
2.224900000000000233e+01	2.241010273453127866e+01
1.958900000000000219e+01	2.178979462974215409e+01
2.516499999999999915e+01	2.259410312987501257e+01
2.477699999999999747e+01	2.344265073286722512e+01
2.021999999999999886e+01	2.101541190546667437e+01
1.887599999999999767e+01	2.339396486705203060e+01
2.167699999999999960e+01	2.327995870359468711e+01
2.226999999999999957e+01	2.233427166576752398e+01
1.942399999999999949e+01	1.853539919602133779e+01
2.594000000000000128e+01	2.451115535572511206e+01
2.455000000000000071e+01	2.517845175255652279e+01
2.130800000000000338e+01	2.072470199718699746e+01
2.323699999999999832e+01	2.269529336349339133e+01
2.236899999999999977e+01	2.398313984873912474e+01
2.353300000000000125e+01	2.233941991289093210e+01
2.119500000000000028e+01	2.464430960632586576e+01
2.132499999999999929e+01	2.250079700653119019e+01
1.788500000000000156e+01	1.881093347482080347e+01
2.210599999999999810e+01	2.472223482697005892e+01
2.343300000000000338e+01	2.344347222983315504e+01
2.379199999999999804e+01	2.293114685664425068e+01
1.580799999999999983e+01	2.011061384780228423e+01
2.148000000000000043e+01	2.232388965901223798e+01
1.970499999999999829e+01	2.256624937884283000e+01
2.127499999999999858e+01	2.082656828269930571e+01
2.549800000000000111e+01	2.335904242107279316e+01
2.448400000000000176e+01	2.399066649202382706e+01
2.845599999999999952e+01	2.364117357778921047e+01
2.172800000000000153e+01	2.244729435908558202e+01
2.489499999999999957e+01	2.254169074854626942e+01
2.335900000000000176e+01	2.404548774772760567e+01
2.153999999999999915e+01	2.193282760182886193e+01
2.265199999999999747e+01	2.141313005342139064e+01
2.019299999999999784e+01	2.281751783367168684e+01
1.920200000000000173e+01	2.234077113693266980e+01
1.792800000000000082e+01	2.050833735852226880e+01
2.235699999999999932e+01	2.142758364736683063e+01
2.539300000000000068e+01	2.169221925782350624e+01
2.118499999999999872e+01	2.134363648880080788e+01
2.509699999999999775e+01	2.328228222313369855e+01
2.149399999999999977e+01	2.035387883703774392e+01
2.262400000000000233e+01	2.339766538010270835e+01
2.858699999999999974e+01	2.616359618953241295e+01
2.099099999999999966e+01	2.148596994865475196e+01
2.624500000000000099e+01	2.269980179532077358e+01
2.457400000000000162e+01	2.470466679657823050e+01
2.180099999999999838e+01	2.135968540933203030e+01
2.115099999999999980e+01	2.276940930425534404e+01
2.458699999999999974e+01	2.372433002984636374e+01
2.438400000000000034e+01	2.262051283652220590e+01
2.275099999999999767e+01	2.090561215207483770e+01
2.415199999999999747e+01	2.448487341901378045e+01
1.937000000000000099e+01	2.107662989647922203e+01
2.246599999999999753e+01	2.246012777708905972e+01
2.613300000000000267e+01	2.366293862264323522e+01
2.537599999999999767e+01	2.257755061579398870e+01
2.315399999999999991e+01	2.205840937929826495e+01
1.989300000000000068e+01	2.163660454892423601e+01
1.917699999999999960e+01	2.291622839261945188e+01
2.433099999999999952e+01	2.514441472213886541e+01
2.230400000000000205e+01	2.459524277341159149e+01
2.157300000000000040e+01	2.289730984260469171e+01
2.110699999999999932e+01	2.094312211073753360e+01
2.063300000000000267e+01	2.351475907441848889e+01
1.544599999999999973e+01	2.092255164798444866e+01
2.357600000000000051e+01	2.368052995564318763e+01
2.235800000000000054e+01	2.139788206144222826e+01
1.795200000000000173e+01	2.082819263123642628e+01
2.687900000000000134e+01	2.161901708980030534e+01
2.442500000000000071e+01	2.123711359122371434e+01
2.330800000000000338e+01	2.149013215966176205e+01
2.089000000000000057e+01	2.181960238818962239e+01
2.400900000000000034e+01	2.313259337532296911e+01
2.204199999999999804e+01	2.480834382672708216e+01
2.014499999999999957e+01	2.064511824328168643e+01
2.311699999999999733e+01	2.046747253726166704e+01
2.848600000000000065e+01	2.453598629273530563e+01
1.912000000000000099e+01	2.112501006367432055e+01
2.239000000000000057e+01	2.469827779235433241e+01
2.116699999999999804e+01	2.213465436523689789e+01
1.917500000000000071e+01	2.146596818394420580e+01
1.958900000000000219e+01	2.286573764784307627e+01
2.213899999999999935e+01	2.163021947941963674e+01
1.976399999999999935e+01	2.108225534212015972e+01
2.908999999999999986e+01	2.734987287414017132e+01
1.835099999999999909e+01	2.150515232317770398e+01
2.201500000000000057e+01	2.284321382285100199e+01
1.461800000000000033e+01	1.960333099550427249e+01
2.065300000000000225e+01	2.285257090339741737e+01
1.964499999999999957e+01	2.053967859764435744e+01
1.855799999999999983e+01	2.133055823930280326e+01
2.220499999999999829e+01	2.042661782394872816e+01
2.486899999999999977e+01	2.303203278154937195e+01
2.170599999999999952e+01	2.164604294507873661e+01
2.175000000000000000e+01	2.194301173817870421e+01
2.452300000000000324e+01	2.397636445460193144e+01
2.059099999999999753e+01	2.263055289761657107e+01
2.158599999999999852e+01	2.121839799752596178e+01
2.456800000000000139e+01	2.308175377876153433e+01
2.545400000000000063e+01	2.409407603410921794e+01
2.307000000000000028e+01	2.393019663031975242e+01
2.450099999999999767e+01	2.468583940606437821e+01
2.371499999999999986e+01	2.635520077620058998e+01
1.914999999999999858e+01	2.122959058111406705e+01
2.397100000000000009e+01	2.510181402616233015e+01
2.042900000000000205e+01	2.380623075602068184e+01
2.110900000000000176e+01	2.320296859280672308e+01
1.993799999999999883e+01	2.412801899451537224e+01
2.190099999999999980e+01	2.147331791412504742e+01
2.349500000000000099e+01	2.146858277245231861e+01
2.216499999999999915e+01	2.163439171748935408e+01
2.015200000000000102e+01	2.249887360241165624e+01
2.066800000000000281e+01	2.302944920466619294e+01
2.093199999999999861e+01	2.237105230351024332e+01
1.798400000000000176e+01	2.025508109318563754e+01
2.357499999999999929e+01	2.201541802071292864e+01
2.615500000000000114e+01	2.452150724834514506e+01
2.014400000000000190e+01	2.119118791503235144e+01
2.274500000000000099e+01	2.189451988091117229e+01
2.312999999999999901e+01	2.189242379366243085e+01
2.657400000000000162e+01	2.441064148049544258e+01
2.094699999999999918e+01	2.314100737817170383e+01
2.260099999999999909e+01	2.133596405710406074e+01
2.333999999999999986e+01	2.471930562636386952e+01
2.116600000000000037e+01	2.110877629253715781e+01
2.164199999999999946e+01	2.165924271376829680e+01
2.089099999999999824e+01	2.239300272442357098e+01
2.086100000000000065e+01	2.368768584443812131e+01
2.308500000000000085e+01	2.338942721134216640e+01
2.634300000000000352e+01	2.338464084142869837e+01
2.327800000000000225e+01	2.397217569056345710e+01
2.031299999999999883e+01	2.151354282987823296e+01
2.268800000000000239e+01	2.188457534365289092e+01
2.294599999999999795e+01	2.507771110965113692e+01
2.079599999999999937e+01	2.253304518456470973e+01
2.479699999999999704e+01	2.529264082818825798e+01
1.632199999999999918e+01	2.137784083283553827e+01
2.411800000000000210e+01	2.213319475807512404e+01
2.286899999999999977e+01	2.651286621371492913e+01
2.332600000000000051e+01	2.700727776752118103e+01
1.984600000000000009e+01	2.135472674356440237e+01
2.433399999999999963e+01	2.234803673649008360e+01
2.182800000000000296e+01	2.257518279468126465e+01
2.662300000000000111e+01	2.462913434212168440e+01
2.023400000000000176e+01	2.186187489310149346e+01
2.301000000000000156e+01	2.142074223179429637e+01
2.122899999999999920e+01	1.965108031471234540e+01
2.383900000000000219e+01	2.332644764866681797e+01
2.525699999999999790e+01	2.459958652984845173e+01
2.727199999999999847e+01	2.520355325021094473e+01
2.230599999999999739e+01	2.083350413380774668e+01
2.091699999999999804e+01	2.097874423756105244e+01
2.191099999999999781e+01	2.408084069314374531e+01
2.694500000000000028e+01	2.428043354469884463e+01
2.121099999999999852e+01	2.033536426186465462e+01
2.390199999999999747e+01	2.392045922974635630e+01
2.049500000000000099e+01	2.139136242373917440e+01
1.856200000000000117e+01	1.995962917018870186e+01
2.011499999999999844e+01	2.320683406342893917e+01
2.569000000000000128e+01	2.466069128850304537e+01
2.249500000000000099e+01	2.328188055763034470e+01
2.246099999999999852e+01	2.277755225688007101e+01
1.469700000000000095e+01	2.089192195881732061e+01
1.929100000000000037e+01	2.181333170365250140e+01
1.946799999999999997e+01	2.029746730015754963e+01
2.143599999999999994e+01	2.060034511898786747e+01
2.226300000000000168e+01	2.038947201769724415e+01
2.254800000000000182e+01	2.245759825292174838e+01
2.437000000000000099e+01	2.444766824942633932e+01
2.468699999999999761e+01	2.253511251108031388e+01
2.361199999999999832e+01	2.408310936167642069e+01
2.351399999999999935e+01	2.319226182720822038e+01
2.275000000000000000e+01	2.334177992158671699e+01
2.771000000000000085e+01	2.600288742581423307e+01
2.176300000000000168e+01	2.058286130962408222e+01
2.103300000000000125e+01	2.230829684011576930e+01
1.877799999999999869e+01	2.136594409403421579e+01
2.144800000000000040e+01	2.341055644204120867e+01
2.195599999999999952e+01	2.143870484684850908e+01
2.391099999999999781e+01	2.275919282127157928e+01
2.230499999999999972e+01	2.446046782093963756e+01
2.685199999999999676e+01	2.262549088263327945e+01
2.196900000000000119e+01	2.161650025091062233e+01
2.612199999999999989e+01	2.319528997700189166e+01
2.241900000000000048e+01	2.371250332726889098e+01
2.502899999999999991e+01	2.324104208829424678e+01
1.752299999999999969e+01	2.458376453618040713e+01
2.157800000000000296e+01	2.351471014667929893e+01
2.655800000000000338e+01	2.264197772605232473e+01
2.655000000000000071e+01	2.385630138442699177e+01
2.115199999999999747e+01	2.095572047674501448e+01
1.948700000000000188e+01	2.051506184134377975e+01
2.297899999999999920e+01	2.312647321832973546e+01
2.233300000000000196e+01	2.041195497689096783e+01
2.397100000000000009e+01	2.268048660058193278e+01
2.292599999999999838e+01	2.281180956213563960e+01
2.295899999999999963e+01	2.483538945229405215e+01
1.877299999999999969e+01	2.383466915073330838e+01
2.446599999999999753e+01	2.769481357440218972e+01
2.480400000000000205e+01	2.163901360411628261e+01
2.184900000000000020e+01	2.276989868980865950e+01
1.711400000000000077e+01	1.942886413965485914e+01
2.607099999999999795e+01	2.422384891975338661e+01
2.555800000000000338e+01	2.669126093243627196e+01
2.202499999999999858e+01	2.505437293679480959e+01
1.891000000000000014e+01	2.381277071106394416e+01
1.870200000000000173e+01	2.238498210214023842e+01
2.187400000000000233e+01	2.188856003427770602e+01
2.427899999999999991e+01	2.190836377437681293e+01
2.478000000000000114e+01	2.248712927085607305e+01
2.559699999999999775e+01	2.277389857265029605e+01
2.413699999999999690e+01	2.138456989689223064e+01
2.409800000000000253e+01	2.381178327677050888e+01
1.962199999999999989e+01	1.975326947165649472e+01
2.177300000000000324e+01	2.140444217487614154e+01
2.143800000000000239e+01	2.438662677170715654e+01
2.176000000000000156e+01	2.116458260433002891e+01
1.971599999999999753e+01	2.256899002862726888e+01
2.290800000000000125e+01	2.069987628069514329e+01
2.138500000000000156e+01	2.310920121112366488e+01
2.605999999999999872e+01	2.475948648254504647e+01
1.556400000000000006e+01	1.923631633829513987e+01
2.465900000000000247e+01	2.498582008975645152e+01
2.121599999999999753e+01	2.170557513379252867e+01
2.833399999999999963e+01	2.505051003405850807e+01
1.778699999999999903e+01	2.000231560127329189e+01
2.012099999999999866e+01	2.165551858066043067e+01
1.765099999999999980e+01	2.072054076426465485e+01
2.254300000000000281e+01	2.235273677169734086e+01
2.262900000000000134e+01	2.095084597025267570e+01
2.309499999999999886e+01	2.231308264334120040e+01
2.790800000000000125e+01	2.585913689533045812e+01
2.343900000000000006e+01	1.998721823105859130e+01
2.504699999999999704e+01	2.271579458867588386e+01
2.370199999999999818e+01	2.173202353688710531e+01
1.874800000000000111e+01	1.891184923692884112e+01
2.059199999999999875e+01	2.197408429652879036e+01
2.947100000000000009e+01	2.523333870242099763e+01
2.165699999999999648e+01	2.295935438437881260e+01
1.960299999999999798e+01	2.259951605303233180e+01
2.336100000000000065e+01	2.205064801075639025e+01
2.396099999999999852e+01	2.181134243094104619e+01
2.130199999999999960e+01	2.112558506802143299e+01
2.538100000000000023e+01	2.476189175141381327e+01
2.114999999999999858e+01	2.045405346198289465e+01
2.195800000000000196e+01	2.058444243159115317e+01
2.317999999999999972e+01	2.078109188892204529e+01
2.572500000000000142e+01	2.123512825417789074e+01
2.330699999999999861e+01	2.441588171635719107e+01
1.939499999999999957e+01	2.273358235754409762e+01
2.512999999999999901e+01	2.452916292168687562e+01
2.163400000000000034e+01	2.282601811075627296e+01
2.458900000000000219e+01	2.476699402325678534e+01
2.444300000000000139e+01	2.361288566882486961e+01
2.392399999999999949e+01	2.343493632694411843e+01
2.387000000000000099e+01	2.253161718923473344e+01
2.110000000000000142e+01	1.820140507487374038e+01
2.139499999999999957e+01	2.346054471751964954e+01
2.130499999999999972e+01	2.227946997249774341e+01
2.182600000000000051e+01	2.255139990664549643e+01
1.855499999999999972e+01	1.867606515532204980e+01
2.126999999999999957e+01	2.363478904973451833e+01
2.339099999999999824e+01	2.298857970415875940e+01
2.472899999999999920e+01	2.404737170081904907e+01
2.591600000000000037e+01	2.383498332894639660e+01
2.256599999999999895e+01	2.119942309460487095e+01
1.933999999999999986e+01	2.163630378344414140e+01
2.325699999999999790e+01	2.125860416819012144e+01
2.139199999999999946e+01	2.393402487863899353e+01
1.777200000000000202e+01	2.082236926464456062e+01
2.447300000000000253e+01	2.435088014340565010e+01
2.117999999999999972e+01	2.174712616112250174e+01
2.428199999999999648e+01	2.371777186111953384e+01
2.126800000000000068e+01	2.261451798296887361e+01
2.410999999999999943e+01	2.300931760210362498e+01
2.602599999999999980e+01	2.491485706858309257e+01
2.553900000000000148e+01	2.192511852973714781e+01
2.869699999999999918e+01	2.642239239698008291e+01
2.128199999999999648e+01	2.210243008741091231e+01
2.178400000000000247e+01	2.057513385832322328e+01
2.102699999999999747e+01	2.395072945561078726e+01
2.569999999999999929e+01	2.148908312714848989e+01
2.402699999999999747e+01	2.439578724807845234e+01
2.438400000000000034e+01	2.586691987956130845e+01
2.197199999999999775e+01	2.352680950186436704e+01
1.862400000000000233e+01	2.112916792545000177e+01
2.349199999999999733e+01	2.655265670679906975e+01
2.066300000000000026e+01	2.188089134980030792e+01
2.124800000000000111e+01	2.280919555260738463e+01
1.923099999999999810e+01	2.032814732311067729e+01
2.435900000000000176e+01	2.260438728008805853e+01
2.321999999999999886e+01	2.370775330411715132e+01
2.450499999999999901e+01	2.273404709857003070e+01
2.083999999999999986e+01	2.262877950992171705e+01
2.175300000000000011e+01	2.580633627208572989e+01
2.036200000000000188e+01	2.202976871118352520e+01
2.329199999999999804e+01	2.458382624717301113e+01
2.307900000000000063e+01	2.471861086897483517e+01
2.060399999999999920e+01	2.114835135758908180e+01
2.258099999999999952e+01	2.375876381364086853e+01
2.786300000000000310e+01	2.302979113810688716e+01
2.429500000000000171e+01	2.257982214424818679e+01
3.012900000000000134e+01	2.646696482643076109e+01
2.547199999999999775e+01	2.394731966211680074e+01
2.511699999999999733e+01	2.387271140498466337e+01
1.751800000000000068e+01	2.024817335633947479e+01
2.383699999999999974e+01	2.081606189012768482e+01
2.138500000000000156e+01	2.182889745823819538e+01
2.471000000000000085e+01	2.228983915426594820e+01
2.536199999999999832e+01	2.561179002105885516e+01
2.311100000000000065e+01	2.330642724091479323e+01
1.803000000000000114e+01	2.207358269389329308e+01
1.809199999999999875e+01	2.131251732515091390e+01
2.236800000000000210e+01	2.219266979468816814e+01
2.263100000000000023e+01	2.325967473042749845e+01
2.574900000000000233e+01	2.200134612341474138e+01
2.177899999999999991e+01	2.217833108077490678e+01
2.208699999999999974e+01	2.150614326826490696e+01
2.360800000000000054e+01	2.186379038229150140e+01
2.177199999999999847e+01	2.094447799124819909e+01
1.932900000000000063e+01	2.269845454072476088e+01
2.498900000000000077e+01	2.368357067998505983e+01
2.274800000000000111e+01	1.889627947096865057e+01
2.360599999999999810e+01	2.093381624995156187e+01
1.862800000000000011e+01	2.011247142035167812e+01
2.401599999999999824e+01	2.510254267152442864e+01
1.573299999999999876e+01	2.060139173715175431e+01
2.013400000000000034e+01	2.336741290779011848e+01
2.223199999999999932e+01	2.126441983601489483e+01
2.478900000000000148e+01	2.175725721565201809e+01
2.305199999999999960e+01	2.366972716529423337e+01
2.413899999999999935e+01	2.427114421888233409e+01
2.509400000000000119e+01	2.368521083870954413e+01
1.740399999999999991e+01	2.005490978911288025e+01
2.121400000000000219e+01	2.280320689979973992e+01
2.475499999999999901e+01	2.647775210612152463e+01
2.550800000000000267e+01	2.317436518196261019e+01
2.278300000000000125e+01	2.388404371736146814e+01
2.369800000000000040e+01	2.364129424554791825e+01
2.534600000000000009e+01	2.149925235488723629e+01
2.290900000000000247e+01	2.194078653085184882e+01
2.338400000000000034e+01	2.356469750194259305e+01
1.433699999999999974e+01	1.891777893622655782e+01
2.510599999999999810e+01	2.427387664670944289e+01
2.222199999999999775e+01	2.396384954742348938e+01
2.544199999999999662e+01	2.339637395824625088e+01
2.239400000000000190e+01	2.298001742603229403e+01
2.050000000000000000e+01	2.251565917757071844e+01
2.468400000000000105e+01	2.255986326606714343e+01
2.190800000000000125e+01	2.258135858636338966e+01
2.142000000000000171e+01	2.362711433056820809e+01
2.121999999999999886e+01	2.101522883050043333e+01
1.894900000000000162e+01	2.187886430193756482e+01
2.385999999999999943e+01	2.349438551066072733e+01
2.174900000000000233e+01	2.275835933228529129e+01
2.251800000000000068e+01	2.430148010935538139e+01
2.242300000000000182e+01	2.099764873722058667e+01
2.338599999999999923e+01	2.192255313048771015e+01
2.108900000000000219e+01	2.186406430776593623e+01
2.536100000000000065e+01	2.477216452584880813e+01
2.099199999999999733e+01	2.002945802561808009e+01
2.318699999999999761e+01	2.235249465862137086e+01
1.899800000000000111e+01	1.969525863675964672e+01
2.385999999999999943e+01	2.531463817917643055e+01
1.938799999999999812e+01	2.234574621274109774e+01
2.673099999999999810e+01	2.416352473783094368e+01
2.055300000000000082e+01	2.405225182793667926e+01
2.052400000000000091e+01	2.031196108927230171e+01
1.826000000000000156e+01	1.992492676698607923e+01
2.193800000000000239e+01	2.238368227106503383e+01
2.772599999999999909e+01	2.317829332383489316e+01
2.101599999999999824e+01	2.079219678954537542e+01
2.035200000000000031e+01	2.310242017012851790e+01
2.527400000000000091e+01	2.252216594625441815e+01
2.415199999999999747e+01	2.505489868338525028e+01
2.071400000000000219e+01	2.223070906759594934e+01
2.056699999999999662e+01	2.314283761575745402e+01
2.516099999999999781e+01	2.398345829787870542e+01
2.471900000000000119e+01	2.192842543890265361e+01
2.611400000000000077e+01	2.404193418675062688e+01
2.562599999999999767e+01	2.469419704326242382e+01
2.213800000000000168e+01	2.435364130617601930e+01
2.639400000000000190e+01	2.345558498435321582e+01
2.563500000000000156e+01	2.436522699699852268e+01
1.995400000000000063e+01	1.869248127478197219e+01
2.046499999999999986e+01	2.236949600760359402e+01
2.662599999999999767e+01	2.294867134023912669e+01
2.412599999999999767e+01	2.383498808383143697e+01
2.273000000000000043e+01	2.316594044843862221e+01
2.494400000000000261e+01	2.206714718515890539e+01
2.479199999999999804e+01	2.348030167038934479e+01
2.620699999999999719e+01	2.461047071173616985e+01
2.589699999999999847e+01	2.702801128001472364e+01
2.294000000000000128e+01	2.120547298364593303e+01
2.463699999999999690e+01	2.160892938759048931e+01
2.008299999999999841e+01	2.137591753912147396e+01
2.442300000000000182e+01	2.174338415696630378e+01
2.221099999999999852e+01	2.103386355364958504e+01
1.980400000000000205e+01	2.092886721033163866e+01
2.194099999999999895e+01	2.140903570186693017e+01
2.541000000000000014e+01	2.550840913026572920e+01
2.421300000000000097e+01	2.318339730349287819e+01
2.376900000000000190e+01	2.223240570501305413e+01
2.324900000000000233e+01	2.238881795455801793e+01
2.224399999999999977e+01	2.352151356714902519e+01
2.360199999999999676e+01	2.313655234389709037e+01
2.556500000000000128e+01	2.340923675603313825e+01
2.602300000000000324e+01	2.277812186910168535e+01
2.143800000000000239e+01	2.348113917460177547e+01
2.447300000000000253e+01	2.251143870787871393e+01
2.379199999999999804e+01	2.390626387334205916e+01
2.577899999999999991e+01	2.333468131401078338e+01
2.150400000000000134e+01	2.270167506577158889e+01
2.599599999999999866e+01	2.399590372029845398e+01
2.365300000000000225e+01	2.173927140710211603e+01
2.024599999999999866e+01	2.163722923498350070e+01
2.305400000000000205e+01	2.201716583110656345e+01
2.094000000000000128e+01	2.354332415945860291e+01
2.633300000000000196e+01	2.246111166395443703e+01
2.039600000000000080e+01	2.053561711539025936e+01
2.258399999999999963e+01	2.305168617437943368e+01
2.498600000000000065e+01	2.535407451447732541e+01
2.301399999999999935e+01	2.260736975515202118e+01
2.227699999999999747e+01	2.099039606032174987e+01
2.308099999999999952e+01	2.417811469837169724e+01
2.423099999999999810e+01	2.466263480775880268e+01
2.522199999999999775e+01	2.258185110007515561e+01
2.472699999999999676e+01	2.029538044809260455e+01
2.117699999999999960e+01	2.160268719850571983e+01
2.215599999999999881e+01	2.338133285366696157e+01
2.453400000000000247e+01	2.093905716184327659e+01
2.086400000000000077e+01	2.354049279928950611e+01
2.171099999999999852e+01	2.121182065005081441e+01
2.123400000000000176e+01	2.114097120362398385e+01
2.326000000000000156e+01	2.142270227198353538e+01
2.365300000000000225e+01	2.381791140971639820e+01
2.316099999999999781e+01	2.360774639789038076e+01
2.266800000000000281e+01	2.204814630514125540e+01
2.177899999999999991e+01	2.502379043398589076e+01
1.876900000000000190e+01	2.259427774102972819e+01
2.183099999999999952e+01	2.324809647428865844e+01
2.566000000000000014e+01	2.436173593936434045e+01
2.248000000000000043e+01	2.323165092454626190e+01
2.168499999999999872e+01	2.045609855278975431e+01
2.199399999999999977e+01	2.267197423679148827e+01
2.396300000000000097e+01	2.198576099282592011e+01
2.062000000000000099e+01	2.175255352263548758e+01
2.117000000000000171e+01	2.187933401699628533e+01
2.082999999999999829e+01	2.314409816804989717e+01
2.209900000000000020e+01	2.300254592752386174e+01
2.406800000000000139e+01	2.208693648150891065e+01
2.438599999999999923e+01	2.649572677265228293e+01
1.766799999999999926e+01	2.063677987479728060e+01
2.461599999999999966e+01	2.375985376028544138e+01
2.546099999999999852e+01	2.351402216864632067e+01
2.217500000000000071e+01	2.123072775501651677e+01
2.640900000000000247e+01	2.589855120430069135e+01
2.306800000000000139e+01	2.206325071447323793e+01
2.309800000000000253e+01	2.345541251708421981e+01
1.907000000000000028e+01	2.033105941497383640e+01
1.931500000000000128e+01	2.351685892259549249e+01
1.801200000000000045e+01	2.030884411927495847e+01
1.972299999999999898e+01	2.153745134816728779e+01
1.845100000000000051e+01	2.140927773947127832e+01
2.372599999999999909e+01	2.390779322880144164e+01
2.080900000000000105e+01	2.111863787852838570e+01
2.142399999999999949e+01	1.966291995348489507e+01
2.521300000000000097e+01	2.248798553617999474e+01
2.207300000000000040e+01	2.455363916321429940e+01
2.572300000000000253e+01	2.319669251312043912e+01
2.406300000000000239e+01	2.332962743187101040e+01
2.168800000000000239e+01	2.220028899373088294e+01
2.337000000000000099e+01	2.196088271049915974e+01
2.201000000000000156e+01	2.349220602101567579e+01
2.446900000000000119e+01	2.227198112775938554e+01
2.268400000000000105e+01	2.282469575958969799e+01
2.499300000000000210e+01	2.447961263902359974e+01
2.091400000000000148e+01	2.091984279849664219e+01
1.920599999999999952e+01	2.096752239491963365e+01
2.102499999999999858e+01	2.128633085909619638e+01
2.566499999999999915e+01	2.348936883594433667e+01
1.989300000000000068e+01	2.049177093422053986e+01
2.549800000000000111e+01	2.319980657501148258e+01
1.924500000000000099e+01	2.103508823917784198e+01
2.771699999999999875e+01	2.552832374333685550e+01
1.973999999999999844e+01	2.488400069589422614e+01
2.371699999999999875e+01	2.151580686362438044e+01
2.207600000000000051e+01	2.204236274929321127e+01
2.694199999999999662e+01	2.307757924666959326e+01
2.199500000000000099e+01	2.320986570913221314e+01
2.075800000000000267e+01	2.220022693828092386e+01
2.333800000000000097e+01	2.336830327087663406e+01
2.028200000000000003e+01	2.251479721634153819e+01
2.148099999999999810e+01	2.344887094755257451e+01
2.153199999999999648e+01	2.236866786537607510e+01
2.018299999999999983e+01	2.251051940704450516e+01
2.412800000000000011e+01	2.271491213097598916e+01
2.772699999999999676e+01	2.657910049913365924e+01
2.531699999999999662e+01	2.497710301734573335e+01
2.176099999999999923e+01	2.329413961468781835e+01
2.483699999999999974e+01	1.963890163483021922e+01
2.067099999999999937e+01	2.326357411866140623e+01
2.072599999999999909e+01	2.053798591427346310e+01
2.494599999999999795e+01	2.619303100505096182e+01
2.243199999999999861e+01	2.132642010816449840e+01
2.322500000000000142e+01	2.450377276852815811e+01
2.467599999999999838e+01	2.121598728512474707e+01
2.496699999999999875e+01	2.460535250005975172e+01
2.424599999999999866e+01	2.145437464649917558e+01
2.427199999999999847e+01	2.197909057264060806e+01
2.555800000000000338e+01	2.147687067674353756e+01
2.087300000000000111e+01	2.108363018352513762e+01
2.311599999999999966e+01	2.396807329097821437e+01
2.482300000000000040e+01	2.631969894958902856e+01
2.220599999999999952e+01	2.314686201411120337e+01
2.492699999999999960e+01	2.472294192950483449e+01
2.249599999999999866e+01	2.122935053044082565e+01
2.271099999999999852e+01	2.161651909272467265e+01
2.115099999999999980e+01	2.123092281064539577e+01
2.275800000000000267e+01	2.169530758227907441e+01
2.194500000000000028e+01	2.069527179017497076e+01
1.822100000000000009e+01	2.246113799260489330e+01
