1.954825241499815e-08 3.0430710644099117e-09 2.459982493901579 1.7483507097597036e-05 
4.802253796003311e-08 6.995336367121261e-08 2.3782973536588523 0.0017025283652453678 
6.560455500336934e-09 7.910655254742844e-05 6.368992919064009e-05 1.9998571969578065 
0.003052228623591367 1.9443134075752695 1.0387191561379525e-07 0.1426342599292242 
1.0570484843553128e-11 0.6999999741296921 1.2074201437668227e-11 2.5847663045327654e-08 
3.7898544348998446 8.62292145476728e-07 6.488684032807907e-05 7.981596768326587e-05 
1.5794283408974494 2.2693586586318544e-07 0.0005713624587343992 6.970795012456621e-08 
1.1977242786017828e-06 0.019469920280219377 1.4845733110263124e-06 0.5105273974221912 
2.1044008721664915e-26 8.622280384830068e-12 0.05999999998984988 1.5278505234506817e-12 
3.998652544527451e-05 0.04863455746796919 0.003468654746581112 1.217856801260005 
4.081309427985633e-07 0.0017570925517575108 1.1606441748954437e-06 0.5482413386731249 
1.3276618121657993e-14 5.573505323964823e-10 1.01999946170969 5.37732946124083e-07 
1.695279400718841e-07 4.6141611143534546e-11 1.4299989680702763 8.623556419626892e-07 
0.03748961803160664 0.26405221190576167 0.028457737179414053 4.3288321762136814e-07 
6.316842043838834e-10 0.0006783660411383493 2.5793216333260727 1.1058677083021855e-12 
1.1974940866016623 0.002474759047771692 3.1154350136073e-05 4.3019583469037376e-13 
1.3591525481445134e-08 4.148904282863735e-08 1.6391532220578124 0.0008467228616185742 
7.664140916613278e-09 0.02647168004976725 2.028376145484082e-07 3.0735281094484783 
5.223249755508301e-09 1.7799997736705495 2.1974121510803531e-07 1.364985028127371e-09 
2.88829335493762e-09 6.833995545238314e-07 2.5113024878994882e-11 3.5399993136870394 
2.446638534399927e-10 1.4642956707110958e-10 0.47999997590997245 2.3698934116690698e-08 
6.480601987600945e-10 1.839524527412788e-11 7.298369114914121e-08 0.07999992634985341 
4.313948851698874e-11 0.026653978804927037 0.043345449472890214 5.716790432657082e-07 
0.7197764043542654 4.676513637086232e-11 3.4126842136827188e-12 0.00022359559555678088 
5.084238666564638e-06 3.2199947815663292 1.3400010607130334e-07 1.9489832929300418e-10 
5.761209492084195e-06 5.248430484089427e-07 1.882473527277674e-08 1.8499936951227243 
1.2397492209015806e-07 1.0295856909757562e-07 3.5063438265867107e-06 2.4899962667226827 
4.1547143751007855e-07 4.5517771498995106e-05 0.9999540613669075 5.390156495944895e-09 
4.292548828195519e-06 1.2255752958622134e-08 2.588371679965588e-06 4.029993106823738 
2.5199951732209773 1.023370385137531e-06 3.8013300297647546e-06 2.0786088291294756e-09 
1.0348976534477048 0.05939077473411124 2.7357114663020026 1.0551618130012807e-07 
6.293261138754214e-07 0.2155413598186849 2.4491668097005985 0.005291201154602746 
0.06040446629071457 1.1957974859812893e-05 0.6692254094194122 0.0003581663150135461 
1.27468858356512e-09 0.8881430899825472 0.0018568139645273518 9.477823705813704e-08 
5.612597927542563e-10 9.905000644321694e-05 2.5699009487570224 6.752748212942847e-10 
0.0020806076580692856 2.775047947574054e-05 1.0572212143904093e-07 1.2178915361403337 
8.601183357173097e-05 4.5265743441224505e-07 0.0014351720481522309 2.3584783634608413 
1.7232392205665439 1.0797354595843296e-07 0.016760324500047927 3.469598619848188e-07 
2.4695323790368144 0.00040965423887305894 2.5331911694549718e-08 5.794139240163652e-05 
0.0033564514004350947 0.0006925260118931417 0.0019385126281256184 0.9340125099595462 
0.028170146052372457 0.5965141429699792 0.003455097896374633 2.371860613081275 
1.1238362007847036e-08 7.979225952095873e-06 1.1299920095356273 5.844067713250952e-14 
3.6899928063358214 6.088894177487763e-06 4.6342084197300755e-09 1.100135792198402e-06 
1.089999699276306 7.426462592748336e-11 3.006214600727498e-07 2.796910589287827e-11 
1.7723235704049398e-07 0.0008144643930064562 0.0009946396722812047 1.6181907187023554 
1.704793644708964e-08 8.163012340318165e-08 2.169999900649625 6.723150882141945e-10 
0.005644840875917623 0.14644641201105058 5.001668417091796e-11 0.7479087470630154 
2.509997837758388 2.671527612092723e-10 6.120637619906308e-07 1.5499106975685562e-06 
4.196521373169851e-06 2.831415434680388e-08 2.859419735589281e-06 1.5799929157447365 
0.006119137241435675 1.8204562612398982e-06 2.8632474948130415 0.0106315474892612 
0.8099970856316007 5.510663891603406e-09 2.908857388682197e-06 3.46614404221534e-13 
2.5097060125485897e-07 0.0009642792794533787 0.0019179269378921538 0.7471175428120531 
2.139992646344406 4.787470560985883e-09 4.112662063987256e-07 6.937601916404306e-06 
1.3699623614960288 1.986931681844569e-10 9.461601630847173e-11 3.763821066214536e-05 
4.045812041936131e-12 4.207545551178021e-07 1.5999995792349717 6.427492810937736e-12 
0.003106034916191846 0.5391036631238325 0.000781346195283477 0.36700895576469234 
3.799711429704957 2.5093352926223036e-06 2.5411154852002814e-07 0.00028580684820288835 
2.142323779515449e-08 1.1399990164460778 9.621217829981867e-07 8.901197433077304e-12 
6.739878095487226e-07 0.22915503964471534 1.78084403950178 2.4686569529119843e-07 
1.8752267345013896e-09 3.605342653285772e-05 0.003832905569333469 0.08613103912890693 
8.999506527809924e-08 2.6899795715395567 2.0336141551035297e-05 2.3238269427364845e-09 
2.6524874222448505 0.11749932033798487 1.4500005400961665e-06 1.180741662423401e-05 
6.316212866715886e-07 2.449904846078882 9.452224281492438e-05 5.701604869997056e-11 
2.5299306659721505 6.93284811927476e-05 3.7603039628207845e-09 1.7863517980587238e-09 
0.15661375389493273 0.17273202491716144 0.0006471323692650911 7.08881864077061e-06 
0.00011270665917320112 0.13425536005768549 0.03601225435830322 0.669619678924838 
1.7259256567541163e-09 1.9398831763701587 2.9833535049457767e-05 8.698836886627229e-05 
6.984793916375919e-08 3.959560771938887e-05 1.9499602352861294 9.92582119265233e-08 
0.000414161160784775 0.8895816629814233 2.1716766452699062e-10 4.175640624024761e-06 
1.3742999930289597 2.2225038778784248e-08 0.015613727643564628 8.62571024372207e-05 
1.614263151749088e-05 1.9601807490442364e-07 0.9198676699046416 0.00011599144576591934 
6.133486586624299e-06 1.4986752237998775 0.0012985814207288728 2.0061292807162787e-05 
6.577935207222931e-08 0.00024337356401303388 0.0002384333397287159 1.199518127316906 
1.0589827884438723e-08 1.1774224261827314e-08 1.1617932143420792e-10 0.7299999775197685 
6.16909605187881e-06 1.0987045693958757e-05 1.329970544951207 1.2298907046846639e-05 
6.910272288221228e-07 4.499997840918022 1.248580630503726e-06 2.19474117937997e-07 
3.900023646787612e-09 3.6599993084846023 8.806987673205667e-10 6.867346751896253e-07 
1.3916810779165367 7.378805021695436e-08 0.004010144046397889 0.11430870424901513 
7.26462098462107e-09 1.3370710433043266e-07 2.8399994276811693 4.3134710502771713e-07 
7.895927659112534e-10 0.003567621992673897 3.9464323444969933 3.2720739928845846e-08 
5.765683327089644e-10 3.4789754980830393e-09 0.00020598250125770847 4.539794013443198 
5.145709836651618e-05 3.1917135114328858e-06 1.3188782308131053 0.0010671203750169977 
6.053582364406995e-07 1.5193867367927423 8.241815810263005e-05 0.0005302396909187458 
4.4238729509865267e-07 0.7199971941750658 2.3634322713651173e-06 5.367772909789446e-12 
2.4999877607922927 1.576998945469748e-09 1.217965029677746e-05 5.7980411097258496e-08 
3.503858700876429e-08 7.384839233071759e-08 1.9215326520842116e-08 2.699999871897694 
1.0550518220375194e-05 0.25660526803801753 1.7833841569258049 2.4517956792899294e-08 
6.005419376231125e-07 0.9239739128422505 0.006021361496354751 4.125119456861859e-06 
3.993737265550097e-05 0.26782744092193245 0.11513777467601692 0.21699484702939512 
2.029999825314792 4.078927943525146e-13 1.7461211329164574e-07 7.268660198056412e-11 
2.9384116124405692e-06 7.898886040839598e-08 1.639996982295055 3.044722996781976e-10 
3.930159302476802e-11 1.32913311469116e-09 1.409999994458567 4.172998431761976e-09 
1.8356453959148166e-07 0.8099993847332417 1.3885260146080915e-08 4.178169584805846e-07 
0.00011817435772827717 5.217587088842281e-06 1.0336966191443983e-05 2.4298662710889922 
1.1661448454903617e-06 3.889998786818314 4.7023750205314206e-08 1.3090283395631186e-11 
8.265581852515116e-05 7.077792851487041e-08 0.00021904560384555587 3.0296982277997015 
2.4399597149532677 1.2324245389282828e-08 3.8469688736644845e-05 1.80303374931205e-06 
0.12415695068643952 9.333809383166548e-11 0.05840979215351684 0.027433257066705508 
1.0971863925033495e-05 2.0599865243128104 9.618388784611686e-07 1.5419843858173741e-06 
4.2195369952689725e-11 0.0002872578165758441 2.394242489018323e-11 2.0497127421172863 
